FCS File: fcsFiles/012.fcs

Number of points: 15

Max Distortion: 4760.532

Avg Distortion: 1094.992

Projected Points
-966.322987488101 3528.76452166141
-1386.43273832835 -1876.55322591954
-1134.86769195056 593.180675929584
-802.237443724475 -877.406951198229
-4105.3349881295 -55.6801330180243
-624.144910402392 -137.594332083857
440.68934404293 -2907.55983011499
-1224.83323968107 -3081.61668011889
3514.50122429353 -926.558809606009
1688.72388759879 1178.83310015273
225.719547043127 -252.011176895428
2409.7024292472 271.308019740719
-2578.26770376582 2269.51586993732
2567.40210645468 -2.39614236546089
1975.70316479001 2275.77509389867

Original Points
0.00840676784719108 0.003814697265625 1000 0 1000 0 0 0 0 1000 1000 1000
0.003814697265625 2.91583337821066 0 0 0 0 0 0 1000 0 0 0
350.135117769241 584.121406078339 491.091303219065 0 411.389724572525 114.979833689706 0 0 540.072770195591 181.120607453382 458.943604104565 408.274828677958
0.003814697265625 0.003814697265625 0 0 0 0 0 1000 0 0 678.441367199084 0
1000 0.003814697265625 0 0 0 0 0 0 1000 0 1000 1000
0.003814697265625 1000 1000 0 1000 0 0 0 1000 0 0 0
0.0100875668067602 0.00655054100207053 157.681244790871 0 501.62116447689 281.524394195662 575.184355447513 528.593093048792 1000 0 0 0
0.00840660413814476 0.003814697265625 0 0 0 0 0 1000 1000 0 0 0
0.003814697265625 0.00668840584694408 94.9452187316115 621.263035025969 601.90408206711 1000 1000 481.658203557704 0 437.944859627036 127.642347963733 0
0.003814697265625 0.00851172353577567 1000 1000 447.841855048145 91.391719691268 295.757701184201 77.8555296902306 0 216.423911807564 460.594340329251 157.705720812739
0.003814697265625 0.003814697265625 0 0 191.379377154236 440.996497232843 0 0 0 1000 0 0
0.003814697265625 0.003814697265625 447.740032297518 1000 1000 405.415835162151 0 304.10147665067 93.2473007906918 0 0 373.753317728124
0.003814697265625 1000 0 0 0 0 0 0 0 403.081549380651 1000 1000
0.003814697265625 0.00920903039514087 360.445281053801 1000 1000 482.472341226571 0 376.386064542312 116.943950207591 0 0 330.230429296686
0.003814697265625 782.231032848358 0 1000 1000 1000 0 0 0 0 1000 0

Distance Matrix of Original Points
15
0 6002.91661075153 4638.47683824027 5321.5632248715 4999.99159323215 5000.00077737332 6726.0038500669 7000.00000016371 6840.49219597335 4182.44841166485 4249.62171214919 4981.27585464845 3596.91922799267 5285.1366320297 5782.23181022167
6002.91661075153 0 3457.06400729371 2681.35338588003 3002.90820398368 2997.08416662179 2047.51980766648 1002.91661058782 5368.26689194553 4750.47810021807 2635.28789306802 4440.67537972872 4400.16571600244 4435.49679025959 5779.31519947015
4638.47683824027 3457.06400729371 0 4300.67572535579 4025.2727395684 3486.77497293207 4136.4696631149 4459.97143406779 6045.32097480851 3704.40228819588 4197.53780415827 4282.15911083787 3678.28603781527 4538.61580071905 5183.4872770212
5321.5632248715 2681.35338588003 4300.67572535579 0 4321.55481810365 5678.43755250182 3665.86844177451 1678.44595910596 4825.20088483795 4349.11710274979 3310.81724158616 4694.4963765269 3724.6363674843 4592.15269877455 5103.78585095201
4999.99159323215 3002.90820398368 4025.2727395684 4321.55481810365 0 5999.99237060547 5044.59690023666 3999.99159339586 8110.07211005701 6510.97153860842 5632.37205968981 6690.25291089426 3403.07391998612 6772.13088695427 6782.22340345383
5000.00077737332 2997.08416662179 3486.77497293207 5678.43755250182 5999.99237060547 0 3725.99915575274 4000.00077720961 6971.65245696987 4851.87855674357 5249.61330538134 4542.27948175547 5403.08154938065 4711.69039477378 5217.76896715164
6726.0038500669 2047.51980766648 4136.4696631149 3665.86844177451 5044.59690023666 3725.99915575274 0 1987.42248266855 3540.10173684852 4651.12716376577 3731.18159236029 3992.52006149259 6447.68552366892 3842.77761321897 6260.54388979152
7000.00000016371 1002.91661058782 4459.97143406779 1678.44595910596 3999.99159339586 4000.00077720961 1987.42248266855 0 5402.04880547321 5591.86900811608 3632.38046629395 4829.56499965331 5403.08232659026 4679.82802306716 6782.23181005797
6840.49219597335 5368.26689194553 6045.32097480851 4825.20088483795 8110.07211005701 6971.65245696987 3540.10173684852 5402.04880547321 0 4166.68771056881 3857.09502704059 3934.35928803588 6706.9848132592 3677.89685073753 4445.96316130205
4182.44841166485 4750.47810021807 3704.40228819588 4349.11710274979 6510.97153860842 4851.87855674357 4651.12716376577 5591.86900811608 4166.68771056881 0 4381.56133267061 2926.76372313902 5481.1958703214 3143.56932960485 4530.13746955089
4249.62171214919 2635.28789306802 4197.53780415827 3310.81724158616 5632.37205968981 5249.61330538134 3731.18159236029 3632.38046629395 3857.09502704059 4381.56133267061 0 4063.04341238346 4229.29051030916 4034.10758627301 5149.85134376401
4981.27585464845 4440.67537972872 4282.15911083787 4694.4963765269 6690.25291089426 4542.27948175547 3992.52006149259 4829.56499965331 3934.35928803588 2926.76372313902 4063.04341238346 0 6279.82906185629 303.860777381247 3595.65351045595
3596.91922799267 4400.16571600244 3678.28603781527 3724.6363674843 3403.07391998612 5403.08154938065 6447.68552366892 5403.08232659026 6706.9848132592 5481.1958703214 4229.29051030916 6279.82906185629 0 6409.08954808385 4620.85051653229
5285.1366320297 4435.49679025959 4538.61580071905 4592.15269877455 6772.13088695427 4711.69039477378 3842.77761321897 4679.82802306716 3677.89685073753 3143.56932960485 4034.10758627301 303.860777381247 6409.08954808385 0 3483.75520769178
5782.23181022167 5779.31519947015 5183.4872770212 5103.78585095201 6782.22340345383 5217.76896715164 6260.54388979152 6782.23181005797 4445.96316130205 4530.13746955089 5149.85134376401 3595.65351045595 4620.85051653229 3483.75520769178 0
