FCS File: fcsFiles/018.fcs

Number of points: 15

Max Distortion: 3628.485

Avg Distortion: 1184.519

Projected Points
-797.342912926482 710.23552571595
-954.466732405469 608.940772803769
-976.286566967816 -1537.66216189655
-1574.98321306969 -3283.00645968199
71.1197625651877 -1390.02658022478
1997.94708907023 -1104.21860163715
1024.12753506844 2865.58214946405
-295.087080883936 476.322168191447
-1432.07188676623 1590.3612567768
-1162.57951139024 -787.669355520937
-1911.14716431393 1896.43279091061
2527.91077202071 673.631780372563
5183.8461336562 -730.130257043626
-3204.35893506924 -220.445614438452
1503.37271141227 231.652586208293

Original Points
0.00561548495170427 0.00568998984817881 0 0 551.82799543238 257.086028279285 482.283904410295 351.363437849623 1000 1000 69.6111986070727 0
0.00524551205671742 0.00534576201971504 0 0 488.09018034757 186.032796952426 448.753911536631 342.329302282276 1000 1000 154.526657096815 143.496084873952
0.003814697265625 0.003814697265625 0 0 0 1000 197.81058471947 0 262.404961794745 358.673048216832 0 39.5511075365774
0.003814697265625 0.00782241841079667 0 610.374137400299 522.128111762267 1000 1000 175.359270436371 0 242.326826392662 440.999214359404 1000
0.003814697265625 0.003814697265625 0 0 0 355.848970438028 1000 1000 25.4254928136207 0 70.9369279786918 310.157212808579
0.003814697265625 0.00800179986981675 0 1000 0 0 1000 0 519.188239637324 0 0 0
0.00732466651243158 0.00432779643233516 600.89914620803 451.563118569712 1000 0 0 1000 1000 0 0 0
443.862944841385 0.0044545254240802 0 160.1375314863 149.046237175856 0 0 450.820005726827 167.596928962451 441.002112613156 0 0
0.003814697265625 0.003814697265625 0 0 1000 0 0 925.03651766892 0 0 0 0
599.606096744537 0.00461591798739391 0 186.929417485407 216.855702235455 0 233.398986724432 480.583022801256 251.637168921985 438.068455147792 353.161611723073 1000
0.0289200088445796 0.003814697265625 0 1000 1000 0 72.4249696064143 427.750237089984 333.896781359828 1000 1000 107.266554434462
1000 0.003814697265625 0 1000 0 0 0 1000 1000 0 0 1000
1000 1000 1000 1000 0 0 1000 0 1000 0 0 0
0.003814697265625 1000 0 0 1000 0 0 0 0 365.99684519342 1000 1000
0.0083620452642208 0.00698266057952424 1000 1000 26.6465882594367 0 60.7170017962354 352.609814931403 0 0 364.786304672009 4.53312563830495

Distance Matrix of Original Points
15
0 405.767432417098 3418.66669690589 5205.77337837 4103.00472077805 4228.42062871845 3958.25503416737 3306.61651216193 3830.82989176384 4350.53858597678 3895.28752117518 6009.44194868704 6747.59345028327 6103.29344210417 5504.79298608236
405.767432417098 0 3532.72659879674 5077.248945639 4091.65146613294 4346.53695723173 4154.85532972776 3375.7411775527 4027.42944737844 3962.84016464017 3707.52379088717 5791.57444432991 6865.71051874233 5825.00232831235 5395.02117167269
3418.66669690589 3532.72659879674 0 3890.25423304235 3383.53599529115 3457.20103597912 5386.09606652429 2618.36233384592 3783.47621993654 3923.33333178529 5333.69517576075 6254.52374890771 6938.00097984466 5427.98442125696 4537.23999800724
5205.77337837 5077.248945639 3890.25423304235 0 3928.95540878773 4289.62770456919 6745.55582818327 5349.91314337032 5521.25332134379 3935.3637839433 5590.79704709066 6419.72093770154 7770.42764843473 4946.26827809735 5315.65292634891
4103.00472077805 4091.65146613294 3383.53599529115 3928.95540878773 0 3230.71004515161 4763.98390625783 3622.34019289489 2837.33208637 4281.60276609315 6296.12388799484 5091.19937809725 6711.50998901715 6366.17335296053 4594.07541395835
4228.42062871845 4346.53695723173 3457.20103597912 4289.62770456919 3230.71004515161 0 4630.15497197368 3676.18481212298 4444.22894440885 4935.49712634223 4647.91257260971 4480.81213276802 3480.79994386554 6885.17708303087 3207.05263782953
3958.25503416737 4154.85532972776 5386.09606652429 6745.55582818327 4763.98390625783 4630.15497197368 0 4009.71942094333 2127.42977017724 5540.68506712852 4567.40264167088 4149.32921607097 5947.52608275931 6418.45829214398 3998.32145638087
3306.61651216193 3375.7411775527 2618.36233384592 5349.91314337032 3622.34019289489 3676.18481212298 4009.71942094333 0 2537.76661780042 1953.64217730125 4062.70992846048 4367.63157860021 6269.26649570028 5148.36817203815 3542.96489283898
3830.82989176384 4027.42944737844 3783.47621993654 5521.25332134379 2837.33208637 4444.22894440885 2127.42977017724 2537.76661780042 0 4290.39651590289 4010.89969129122 5074.95966763382 7925.02888827439 4291.02954816507 3975.82426189594
4350.53858597678 3962.84016464017 3923.33333178529 3935.3637839433 4281.60276609315 4935.49712634223 5540.68506712852 1953.64217730125 4290.39651590289 0 4593.36265219736 3722.72985109829 7217.09250611323 4254.20055805821 4600.33218211093
3895.28752117518 3707.52379088717 5333.69517576075 5590.79704709066 6296.12388799484 4647.91257260971 4567.40264167088 4062.70992846048 4010.89969129122 4593.36265219736 0 6203.4824767133 8128.66230585209 4360.82987904266 4132.06943312019
6009.44194868704 5791.57444432991 6254.52374890771 6419.72093770154 5091.19937809725 4480.81213276802 4149.32921607097 4367.63157860021 5074.95966763382 3722.72985109829 6203.4824767133 0 4999.99618530273 7365.98921579889 5095.00176007602
6747.59345028327 6865.71051874233 6938.00097984466 7770.42764843473 6711.50998901715 3480.79994386554 5947.52608275931 6269.26649570028 7925.02888827439 7217.09250611323 8128.66230585209 4999.99618530273 0 8365.99303049615 4687.84348699907
6103.29344210417 5825.00232831235 5427.98442125696 4946.26827809735 6366.17335296053 6885.17708303087 6418.45829214398 5148.36817203815 4291.02954816507 4254.20055805821 4360.82987904266 7365.98921579889 8365.99303049615 0 6383.35520803873
5504.79298608236 5395.02117167269 4537.23999800724 5315.65292634891 4594.07541395835 3207.05263782953 3998.32145638087 3542.96489283898 3975.82426189594 4600.33218211093 4132.06943312019 5095.00176007602 4687.84348699907 6383.35520803873 0
