FCS File: fcsFiles/020.fcs

Number of points: 15

Max Distortion: 3600.13

Avg Distortion: 1140.626

Projected Points
-2176.59887908242 -119.60382703519
-2791.57868806683 266.20871282857
3167.062040453 -566.611335264164
1738.23279955088 -1047.1840449999
2669.75820243224 -211.378460993645
-1389.76657687687 -680.869057714613
824.263213402175 2158.6140619981
-866.15113808363 -1124.45460296461
-331.732490104087 -675.177988881734
-745.603497810272 -3230.21191856336
155.171450474785 3886.03339576681
-1677.22501117119 0.764333181593414
-1665.39463248834 -501.394241565949
3099.07668807667 -993.761492000551
-9.51348070611837 2839.02646620863

Original Points
0.0051603497013275 0.00896507935976842 421.058818064322 1000 1000 417.924764746212 145.390629064686 348.890325991271 185.128000954451 0 205.073086987478 448.968895373929
0.003814697265625 0.003814697265625 0 1000 0 612.942192294353 0 1000 0 0 0 0
0.003814697265625 0.003814697265625 0 0 0 0 1000 0 1000 0 1000 1000
90.240515768528 0.0068492640821205 231.505646951347 143.064320399136 112.941942565328 0 204.989226665039 340.307362493179 120.070437760776 609.749373137042 665.063668720955 1000
0.00848242871143157 0.00549061587662436 385.923380517404 216.590791839351 0 191.678140379218 377.792286581746 278.397708167312 527.475182441876 630.464088281814 1000 1000
0.003814697265625 55.2364997565746 0 0 1000 0 0 0 0 0 0 0
0.00510982044943376 0.003814697265625 254.881664515495 465.166819341899 178.879839039159 385.925946261612 415.106174822324 1000 1000 0 1000 0
0.003814697265625 0.003814697265625 0 1000 195.513551983221 505.414942542706 187.275286076112 454.139382516445 441.008210972939 0 0 1000
0.003814697265625 0.003814697265625 0 1000 0 0 0 0 1000 1000 0 0
1.71850307378918 0.003814697265625 0 1000 0 0 0 0 0 0 0 1000
0.003814697265625 0.003814697265625 377.92308385488 178.037552461424 631.186829640159 450.062654339903 1000 1000 1000 1000 0 0
0.0050170956455986 0.00801215628598584 412.352797966634 1000 1000 471.29435677645 311.299660652521 363.945814902402 261.840993512685 0 270.393127357326 579.573170868654
0.003814697265625 0.003814697265625 0 1000 1000 0 0 1000 1000 0 0 1000
0.00664150820739451 0.003814697265625 101.085518644033 83.7672122622073 0 0 374.253784749024 87.5290457592593 692.50850828909 638.334865594461 1000 1000
0.003814697265625 0.00387566024073749 343.873005074241 133.424737774729 505.061804314398 396.225070199307 1000 1000 384.587927206611 182.621046213329 304.32667744325 119.848375727268

Distance Matrix of Original Points
15
0 3251.75302803627 6203.31979245579 4195.71932791754 4666.46162936591 3227.663401512 4533.72754176208 2472.16005508076 4802.18501530798 3276.21522354067 5240.68876408708 515.678537226828 3206.46657257758 5636.03530992894 3776.57952803138
3251.75302803627 0 6612.94219229435 5164.1305408406 5847.93683338137 3668.17487735366 3610.718400191 2477.18491626747 3612.94219229435 2614.65688067088 4993.95189898807 3613.16717083072 3612.94219229435 6247.83143836044 3923.61128126239
6203.31979245579 6612.94219229435 0 3537.68504803734 2797.79298381153 5055.23268505931 3869.74938945903 4526.78437999332 5000 4001.71468837652 5637.21012029637 5824.4914171117 5000 1843.95717603279 4752.44274416185
4195.71932791754 5164.1305408406 3537.68504803734 0 1620.56618528633 4347.2744451259 4582.00565207667 3493.96438983324 4772.16345173697 3230.08838515609 5629.88521468355 4182.93809217299 5085.16358789404 1750.89885691939 4387.82939013255
4666.46162936591 5847.93683338137 2797.79298381153 1620.56618528633 0 5663.55725508087 3614.65552286609 3761.77902108034 4859.2677967327 4176.85169109371 5122.0019578186 4287.63354052993 5563.4005569617 976.654366069483 4345.19669571353
3227.663401512 3668.17487735366 5055.23268505931 4347.2744451259 5663.55725508087 0 5397.43474608467 4447.55695518429 4055.23268505931 3056.94737343583 5430.06914607536 3725.92961203534 4055.23268505931 5032.71444716833 4415.07765942067
4533.72754176208 3610.718400191 3869.74938945903 4582.00565207667 3614.65552286609 5397.43474608467 0 4258.52214477876 4769.62810041988 5771.34019855003 3511.50950520001 4385.99692503479 4411.86842234156 3999.1527715591 2955.66450989342
2472.16005508076 2477.18491626747 4526.78437999332 3493.96438983324 3761.77902108034 4447.55695518429 4258.52214477876 0 3901.33495214555 1785.06606246795 5608.4882176877 2335.17034774645 2602.02908314621 4161.6736260594 4411.29141604015
4802.18501530798 3612.94219229435 5000 4772.16345173697 4859.2677967327 4055.23268505931 4769.62810041988 3901.33495214555 0 3001.71468837652 4281.13501537352 5147.0233348687 4000 4148.2605898175 5968.70128252677
3276.21522354067 2614.65688067088 4001.71468837652 3230.08838515609 4176.85169109371 3056.94737343583 5771.34019855003 1785.06606246795 3001.71468837652 0 7282.84970375004 3513.27126373653 3001.71468837652 3811.65637233924 5865.13716628864
5240.68876408708 4993.95189898807 5637.21012029637 5629.88521468355 5122.0019578186 5430.06914607536 3511.50950520001 5608.4882176877 4281.13501537352 7282.84970375004 0 5159.32226346249 5018.7613560932 5659.73401180923 2115.59164364724
515.678537226828 3613.16717083072 5824.4914171117 4182.93809217299 4287.63354052993 3725.92961203534 4385.99692503479 2335.17034774645 5147.0233348687 3513.27126373653 5159.32226346249 0 3259.98536332659 5257.20722109296 3628.84872585447
3206.46657257758 3612.94219229435 5000 5085.16358789404 5563.4005569617 4055.23268505931 4411.86842234156 2602.02908314621 4000 3001.71468837652 5018.7613560932 3259.98536332659 0 5249.8722294879 5084.1230148701
5636.03530992894 6247.83143836044 1843.95717603279 1750.89885691939 976.654366069483 5032.71444716833 3999.1527715591 4161.6736260594 4148.2605898175 3811.65637233924 5659.73401180923 5257.20722109296 5249.8722294879 0 5071.41129101516
3776.57952803138 3923.61128126239 4752.44274416185 4387.82939013255 4345.19669571353 4415.07765942067 2955.66450989342 4411.29141604015 5968.70128252677 5865.13716628864 2115.59164364724 3628.84872585447 5084.1230148701 5071.41129101516 0
