 -415.9675907  -675.1365837
 2165.1729380 -1890.2647470
  392.3457191 -1627.3083262
 -780.1613054 -1439.0947162
 1048.7482149 -2310.1852053
-1082.5669423  -758.2863132
 -551.2517153   201.2754497
 -795.2655669  -234.7399500
 -966.8640395  -124.2121642
  463.7754862   286.5722993
  342.5279741   779.9462628
 -494.4252044  -436.8145997
-2108.9379552 -1279.8860190
 -271.0500332 -2346.1973354
-1784.5170134 -1112.2484906
-2476.9382818  -183.6865051
  381.4672620 -1313.2285060
  433.9267524 -1867.4227014
  278.9937271  -738.5259082
  299.2287005  -799.2580685
 2815.5490082   581.5914220
-1712.1795568 -1252.7800823
    0.8315033 -1421.8778372
  101.3862936  -357.6714205
 2294.0570445  1024.9631799
  108.5696964 -1566.0584783
 1615.0603777  1504.0931917
 -677.2315417 -3024.7720597
 1122.8036960  -159.3147576
-1707.8936545 -1248.7443164
 1744.4691219  1768.5213583
  108.8121223 -1562.3147054
-1087.2499142  -613.9758896
 -946.8146829  -193.7795610
  -81.6222630   481.9850463
 1001.2289612 -1232.1161022
 3193.7565465  -329.2587163
 1122.3276575  -157.1258548
-1370.4025252  -781.9553240
 -468.6671158  -934.4153455
 -243.6715980   259.6515311
 1523.1461428 -2142.3711308
 1652.2586784 -1075.2152065
 1898.5568551  -599.2052744
 2035.8148253 -1444.4933015
 1947.5002585  -855.4119522
 1944.5341953  -806.7682496
 1923.5770178  -914.9404396
 -521.3721141   114.6230219
  578.8437428  -605.5213555
   17.8515310  -791.3548210
 -470.8884192  -936.0802257
  876.8968527  1455.7979674
 2537.1305572   -64.1681585
 -368.2702641  -683.4653078
 -813.7982586 -1300.3828585
  107.1712740 -1564.6050327
-1404.0622372   448.9048187
  288.2715773   630.6869810
 1114.3515180  1229.4386258
  864.5254538 -1265.3290918
  583.4065074  2120.6178828
 2574.4917820  1941.1973545
 1197.3617645  3181.5180251
 2800.7344582  1931.6078438
 3047.9530955  1318.2775722
 2242.1260439  2008.2838126
 2280.7350815  1975.5534471
 1633.1587400 -1955.6145699
 -469.7659738  -937.2624711
 1465.8428745 -1167.5415444
-1263.4635039  -382.6783472
-1068.6988287  2060.8468934
 1020.8992312  2258.9939959
 1261.3825655  2065.0010093
  595.3626969  1961.0500952
 2368.6132416  -115.5332116
 -875.3078698   -86.4511858
-2109.9693808    26.8029425
-1217.7600482  3125.8032759
 -192.9696457  2222.3204731
 -356.1046802  2851.8832985
 -476.1812316  2063.4673603
 -550.6307791  2048.0682143
 -618.8240594  1851.8515265
  -11.6373114  1830.5246079
 -388.7944679  1782.3966616
 1983.1080060   642.9410645
 -229.5347680  1907.0780540
  702.1796609   103.6046056
  947.3803034   154.3457098
 -244.7332745  -684.2495513
 -472.0106451  -938.9954965
-2109.8574019 -1281.3650042
  434.2249142 -1863.5517629
 -469.7864113  -937.3287203
-4354.9896075  3187.3227123
  392.5862236 -1623.6145704
-2100.3109584 -1001.3230566
-1873.4248932  2431.2216925
-1379.2917334  2598.7739234
 -509.2085942   285.7744659
  628.6967764  -273.1120627
 -357.6016086  -706.3020629
-1660.7479541  -798.9895422
  964.3197208 -2956.5938171
-3704.4867025   846.5817501
-2139.3527963  1093.9267505
-2611.1061798  1241.0712625
-1950.4731935  1327.3891405
-2170.3182784  1337.0302982
 -788.1413924  1646.1613144
-2291.1212178  -259.5594706
  216.4148500 -1470.7487498
-1039.5733852  1900.7572819
-1784.8581240  -892.2048027
-1708.8271433 -1249.2292560
 -708.4337892 -1566.0786725
 1440.1199929   363.0217768
-1029.8094467  -727.2867234
-2359.9864573 -1704.9711973
-2037.6937287   173.7497337
 2166.1609981 -1893.1232828
-1371.5755075 -2561.3855805
-1787.9698791 -1113.5129531
  666.0226110  1384.4024386
-1372.5011587  -782.6779589
-1122.8684824   586.7700991
-2678.0017436   722.4975128
-1843.1391651   695.3645362
-2320.6546348   589.5317936
-2442.2859460   770.2860368
-1587.9981663   763.9997080
-2088.4390102   430.0221364
-1383.2251203   896.8616015
-1224.6897910   631.0796405
-1551.0917008   778.7165257
 -203.8923481  -972.9617935
-2287.5533188  -259.0754088
  629.9620360  -272.4882132
-1017.0660297   523.2886476
 -655.5274720   639.5753102
 -937.7582711   602.8381671
-1923.4415984  -470.4593396
-3787.9524537    19.1286317
  161.8974239  -536.6644295
 -627.0293126    37.5918023
 -268.2006727   229.8417698
 -323.5314506   -83.0679360
    3.5305765  -307.1929194
  635.5806656   970.5871612
 -811.4415631  -627.7893018
 -133.0023532  -879.4158151
  235.7102670 -1062.4662824
 1536.0453933  3511.2722716
 -469.6349155  -936.9522693
   18.3897168 -1834.0621498
  -55.8826422   416.0811863
 -837.7928734   -58.3309486
  721.3366788 -1016.7554270
 1588.1272947   163.8374462
-1353.6089807   313.7620307
 1602.8413584  -765.8247304
 1952.9930140 -1414.7158920
 1899.5622015 -1585.7917409
 2175.6754750 -1205.8463238
 2078.8092831 -1068.4020612
   17.7082356 -1837.8234495
 2521.4224288 -1566.1344024
 -493.7131474 -1500.2000101
-1324.6996870  -512.9123568
  104.6072747   698.5344393
-2237.1404912   309.5841365
-1686.7668235   457.3784151
  708.4207448 -2553.5496716
  509.2477547 -1980.8203584
 2327.1419614   588.2354499
 2454.7536250   193.2102608
 2550.5497896  -495.6441758
 2812.8187599  -250.2595735
 2423.8697172   251.5137147
 2490.4967163  -285.7258908
 2883.5661593   -46.4461223
-1303.4968826   135.8553262
 1114.2154674  1229.6672262
-1285.2885793   184.0718620
 -469.2346616  -936.0398721
  432.4144944 -1865.8381217
 1653.3146386  -592.7653123
 2394.1006507  2088.8944226
 2201.8929581  2128.0265074
 2211.3521043  2044.4900849
 2371.4806463  1870.0707022
-1193.1387151  -397.0297353
 -672.1042920  1551.7503126
 -358.5067735   683.1363728
-1858.5905734   220.6787977
 1212.5795954  3392.6694050
 1032.3598872  2453.0965508
 1010.7680299  2339.6372317
