  -16.3720583    -7.8695781
  -37.4241998   -23.3402878
  -11.7879457    -6.8053824
    1.6846294    10.3554341
    5.5731324    24.2522981
    8.1366047    13.5175448
    6.3763499    18.1694686
  -56.7687699    -1.7374121
  -47.1461841     2.4499020
  -50.1758741    18.1779561
 -846.3518249    96.5975914
  -34.3118962   -26.6506582
  -21.8189900   -12.5044476
  -15.4115202    -7.2256852
    3.0089030     8.5609990
  -19.4324351    16.0818332
  -20.8845354     0.6683327
  -48.3589972     5.9325608
  -55.4771283     0.4412972
  -54.1302049    -1.0299249
  -58.6656621   -26.9025747
  -46.3838817   -26.9323637
  -15.5356441     5.9819978
  -35.3068191   -23.9864411
  -38.5553312   -20.7541616
  -30.4829249   -21.2488971
  -33.5081080   -23.9329116
  -35.7157500   -26.2346672
  -17.8891824   -10.8205688
  -35.8465389   -25.7037096
    7.1932598    17.1176831
  -26.4474113    16.7847794
  -15.2275211    12.0339789
  -50.2726548    -2.0705407
  -31.5067741    -6.0723536
  -36.8032613     4.7038271
  -14.8938709    12.0255595
  -19.7861412    10.4922128
  -33.3887957     4.2677451
  -32.3468451     4.2204913
 3402.5621426   117.1978272
  -26.6621034    10.9556288
  -29.0466267    13.2337445
  -11.5692412    10.0914799
  769.5619658 -1110.8739906
   -4.4055532    13.0718219
   -6.8606813    11.6434580
   -8.2883784     8.7354081
   -6.2446497     0.5841537
  -26.5365699    23.7279902
  -29.9300356    21.8110824
  -51.3558485     2.2648023
  -48.7167828     3.6147292
  -49.8267643     2.5652467
  -52.5553527    -6.3478228
  -53.6461226    -1.9899539
  -50.7609865    -2.9554037
  -45.4276722    -2.4635676
  -53.8071972    13.6156295
  -66.2065304     8.7593125
  -57.1130021   -28.8112481
  -64.9285185   -24.6495842
  -49.7250064   -27.3000382
  -36.0548447     7.5314128
  -17.2792114     7.8309666
  587.7581573   923.7254916
  -33.2618600   -23.9220494
  -22.2911969   -19.7528180
  -34.9325105   -21.0936182
  -33.7260312   -28.0860238
  -33.3413599   -25.2935399
  -31.0090932   -25.3712954
    0.2831170    14.0185671
    6.0949346    13.6396162
    0.6015508     8.7477982
    6.6087254    16.8425405
    5.4665647    15.8566629
   13.1323727    28.1344295
    0.2763166    10.5629583
   -9.6299390    12.4709812
 -733.8722666    18.1757040
  -52.4110272    11.8951797
  -75.1638263    16.0208793
  -61.7258271    10.2741587
  -56.0948985    -4.1186277
  -48.4632035    -5.9760382
  -56.2395113   -25.9811940
  -58.5374334   -30.6656793
 -449.2797084    18.2526175
  -30.8642062     6.3370208
  -38.9257694     0.7428352
   -0.0128992    25.0917426
  -16.0522850     7.2490418
  -37.9562950     4.4090596
  -29.4339781     4.1695210
  -36.7501243     2.0650737
  -32.5922251   -25.8845051
  -27.6700983   -30.5451445
    1.8221216     9.0457664
    5.4600868    16.1088750
