  -10.9573668     1.8639217
  -10.9082065   -14.5024289
  -12.8111948    -8.0578689
  -14.8346046    -0.3220980
  -16.8988656   -20.0005125
  -13.4539710     8.8203677
  -16.2270644   -21.7165035
  -14.4207864     7.2549325
  -16.5115268     1.7204661
  -11.8785056    -2.3998362
    4.7314868   -64.7120796
   -2.6031584   -70.1375505
    0.2050704   -39.4126126
  -15.1016614   -72.0729247
   -1.3546748   -55.3407457
  -17.0053640   -18.5276646
  -14.0510367   -56.7696677
   -9.9117622   -53.1513442
   -8.1243644   -16.0385614
  -10.3016148   -52.0868094
   -7.7472943   -31.9756789
   -9.9248431   -20.4620544
  -21.6069705    47.8184607
  -30.0388355    38.3415237
  -12.0998101    -4.2520659
  -14.3224454    -0.1290289
    0.6278962   -96.6295858
    2.6553504   -43.1762275
  -15.7779119   -65.2152899
   -0.4183977   -67.0367663
  -13.2960028   -46.2562697
  865.7679255   -14.8210164
  -19.7157735    -5.5189544
  -24.0037911    -8.4888506
  -25.9034680   -15.1480236
  -16.2806097   -10.2842707
  -17.7418334    -7.1307507
  -16.4821915    -7.1376630
  -23.4406879    27.4892684
  -19.9800871    33.5607561
  -23.4165660    62.1642701
  -29.1046353    78.9851659
  904.2527765   261.4027680
  -14.0477937     0.1730648
    0.6518011  -110.2319078
  884.2651428   -24.2432469
   -0.7574469   -82.3810394
   -8.8659554   -52.0999147
  -13.1972534   -42.1411724
    1.2876804   -71.8035328
  -14.7884983   -50.1783559
  -11.3772184   -28.6763245
  -11.5909447   -20.6258794
  -11.0766370   -62.8761652
  -24.9833886    -5.7453069
  -19.5022402   -17.8894681
  -22.1606950   -18.4111677
  -20.8166953    46.4030497
  -28.0057117    69.8346680
  -27.0152517    63.0173190
  -30.8696314    71.7031717
  -20.8830259    62.8274783
  -33.3939038   -29.8710344
  -12.8633134   -12.1887099
  -11.9264857   -53.4610335
  -10.4944779   -64.9440157
   -6.8070043   -40.8379921
   -8.4595400   -39.4545440
   -4.1388196   -40.3877917
   -8.7944832   -51.4339358
   -3.3572607   -54.9180849
  -16.6583745   -36.1359653
  -14.4082743   -55.1577716
   -9.6534748   -47.8709435
   -8.3650275   -32.0797008
  -20.7903738    20.1203536
  -21.1525675    16.1563953
   -6.0109179    24.4986344
  -19.7924981    30.5121331
  -19.1813834    30.8725922
  -17.3020629    23.3134211
  -19.8374487    13.6847436
  -17.4411550    18.7241623
  -19.2247317    19.4346180
  -17.4405715    29.2060378
  -21.8884843    17.6552402
  -17.8530637    22.4935555
  -20.2969942    32.1604549
  -17.8842261    21.5749470
  -15.7457830    17.9019901
  -22.1349344    16.3095001
  -18.7186497    27.6166984
  -17.4451737    30.6980042
  -17.6722090    31.5265896
  -28.6399245    30.7958591
  -35.2783268    12.0403464
  -24.9342650    31.7662232
  -29.9997792    35.8608762
  -14.1733632     6.7185207
  -15.8230945   -44.8864876
   -9.1271121   -39.3272536
   -9.1459571   -24.7474103
  -25.1787427    67.4900727
  -16.5885672    15.5964671
  -17.0573949    27.5270922
  -16.2231714    29.8883186
  -21.9350479    31.8518124
   -0.9126286   -11.1262517
   -8.2343780    24.5070118
    5.3178251    44.4560704
    4.6561775    45.6412030
    1.8490999    11.4179122
    6.0167080    32.3117679
   -3.5119060    46.1445940
    5.4832732    41.7895931
    4.6104555    31.2309223
    5.6670653    30.7602446
    0.1125031    46.9573055
  897.1254050   253.1394809
  -11.3916214    -9.4961557
    5.8609626   -43.8273338
    3.7410825   -62.1709986
    2.2366474   -41.9042688
    1.8224451   -42.5853604
    7.4911245   -50.6136542
  -11.7730009   -63.7529483
   -5.5778757   -84.4759895
  -11.7349704   -68.2104235
   -9.6311536   -62.7857541
   -2.5862928   -37.9995498
    5.6222537   -61.4740492
   -4.1111786   -36.3163406
  -13.1032268   -19.3713016
  -10.3508082   -23.6534981
  -15.2327779   -21.8000970
  -10.8403142   -43.8406122
  -23.2276069    14.6602756
  -21.7985496   -27.5825826
  -17.5311571   -15.0973334
  -23.7378700    11.4442659
  -16.0799710    -6.6026235
  -19.7314740    11.8175488
  -18.9644628    17.8526013
  -29.1362502    72.8123427
  -30.0116194    74.9070386
  -22.5302026    71.3709724
  -20.0002803    63.3356767
  -26.5210441    51.3261928
  -25.9053563    23.6598280
   -4.1046126    35.2757679
    4.6520571    47.1432322
    0.3641018   -40.6660181
   -2.8635859   -47.6933289
   -8.0561687   -48.0838427
    3.7141586   -51.8556472
   -8.9913821   -65.8146787
   -5.3685429   -38.9349218
   -8.9666636   -36.7946835
   -8.6159061   -35.9173130
   -2.6065268   -49.1890618
   -4.5002200   -47.2050124
   11.4350392   -36.1266035
   -1.4528251   -50.4055736
   -5.1835857   -37.1396716
   -8.4262341   -41.5629073
  -10.1348652   -39.2130241
  -14.0292798   -37.6557210
  -18.9705754     4.4744957
  -19.4958490    -3.2712084
  -13.2180459   -45.2188814
  -21.4089352    -3.0415022
  -30.3974690    76.3571508
  678.6670541   366.9823729
  -18.1467043    27.8076670
  -19.8103407    35.4694511
  -17.4658693    23.8567572
  -32.7866317    44.2733674
  -29.6400079    35.7130409
  -25.5356282    37.7072807
  -29.4738712    34.7983975
    3.8257104    40.5045176
    1.7575392    36.1603413
  -11.8019696     0.4344541
   -7.2571139   -59.5107096
   -5.9130273   -51.1526353
    4.4351534   -40.6968869
    5.5425340   -47.1957037
  -14.0893549   -70.6621599
   -9.9245035   -24.8757180
  -10.4241950   -21.1509093
   -8.5200919   -27.3053433
   -6.3519730    32.8081215
  -14.3190879    25.5662980
  -20.8522324    24.0232181
  -28.0922036    76.9698821
  -28.6231776    73.9291843
  -26.0577062    71.6935617
-1724.3220430   377.2789336
  -20.1052052     1.7489539
  -16.1446303    27.0490472
