  -3.08523645    3.29365288
 -13.24392651   -2.88656998
  -5.83476622   -1.60526096
  -7.62378800   -1.37978693
 -12.95742691   -6.33671791
 -20.22667830  -25.35643002
 -15.87350825    9.52471019
 -16.80599818    9.07043737
 -20.35561040   11.84156522
  -4.39229032  -11.41171915
 -11.12883538  -12.65936473
 -12.92973980    0.90976909
   7.82444656  -17.07062657
  -8.35608233   10.13782158
 -12.72949820    8.81705127
 -11.90515697    8.37895482
  -4.19683788    9.97308854
  -4.80139548   -3.21163594
-349.02204351  753.94805475
 -31.95623039   -3.80586331
 -17.98436209    5.02771873
  -8.67943240    8.19542983
 -18.60130162   -4.93017622
 -28.90595362    1.59772235
 -11.91195895   -4.02585649
   8.44135777   12.22339079
   4.87743610   13.85818948
 -19.31926953   10.60185039
 -14.75232725    7.00791528
 -13.45339237    8.51159974
  -6.06214103    2.52592882
 -15.86895965   -3.70919215
 -13.84440748   10.15452829
 -14.62953577    0.44690774
  -6.43885886    0.13905540
  -7.83615117    0.23736322
  -4.16986046   -4.37103238
  -1.52948124   -5.57527483
 -29.14757931   18.54650860
 -24.76297099  -24.17024789
 -15.74683373  -26.20979233
-877.47121536 -359.54529968
  -9.88355927  -18.66642121
 317.11837734   26.74467040
  -2.97356536   13.42726299
 -40.99867916    8.38907262
   5.61632923   -7.25804491
  -9.98278361   11.76499663
   3.29058903   18.47803455
 -15.85127983  -33.09706710
  -5.32426176  -19.44361682
   2.03747086  -14.46247299
  -8.35574124   16.45806110
  -5.11516481   24.55436157
 -12.38504042    0.03339232
 -11.85148743    3.21630890
  -6.32350925   -9.82058040
 -13.09667296   -9.55853056
 -15.94348334    2.06529171
 -11.10999440    3.04376949
  -9.01230251   10.85538831
 -10.92829254    5.31889911
  24.23873243  145.78110159
 -34.79022057   25.93044922
  -6.63937444    4.56417851
 -13.39606300    9.81962883
 -37.66183448   12.19456296
 -35.38961662   10.25221841
 -33.81169234    1.06052694
 -32.44558266    5.84427972
  -6.07650843  -15.45403259
 -54.43576177   13.79824231
 -30.56211921   12.13808865
 -25.90500088    7.30232922
 -24.98465352    0.59079037
 -21.79471071   -0.91296854
   8.90369444    7.65744569
  12.89576855   -1.89938326
 -21.30768522   -5.17164111
  -8.68020860   11.33204235
 -11.75479311   13.55443523
  -5.30837612  -65.07014575
  -4.61558125  -56.27584210
   3.82241474  -11.09365571
 -17.14869474   28.37619036
1803.18683503 -613.76951943
  21.71857827  -25.68803308
  15.92799430  -20.20492305
  23.47542374  -30.70847174
  16.43424096  -10.15308556
  13.14260221   45.69661308
  -4.94954287   28.14773834
 -35.79052093    6.72717752
 -14.08578224    2.64203961
  -8.82294265    6.67402347
  -8.94696502    5.78800122
  11.84185207  -20.09878161
 736.28599858 -823.59202923
 -19.06336423   -3.19028197
 -21.34975052    2.40607716
 -18.63807347    0.30134311
 -20.84265184   -5.75456651
  -1.69400325   19.36552014
-855.55957786 -458.71512437
  -7.57435920    5.45755940
 -12.51493372    9.46518991
 -10.06106579    2.14701214
   4.27545486  -16.50087940
  -6.63402656  -19.90747701
  -0.19416713  -19.33034975
   1.18790882   12.14549734
  -7.04144949   14.98540823
 -10.73283732   10.44328606
 -15.21265316   11.93947055
  -2.32773791   11.95539659
 -16.90970765    0.45756386
 -22.45406206   -7.85735211
 -12.55485208   -3.00034420
 -24.00200077    6.88810767
  11.15464027   -4.85028801
   3.62011365   -2.71525803
   8.65968422   -1.90421495
  -3.25091110   14.71889862
   4.53459520   16.15736911
   1.01652105  -15.23862086
  10.96713730  -16.38934456
  -9.64270234    4.20817018
  -9.99370949    2.06637538
   5.71503611  -18.34921215
  -2.33982160  -18.95791776
  -0.34530013   10.03064133
  -1.01785883    4.20322608
  -6.03801783   -1.24177769
   1.22195277    3.74509013
 -19.64050359    5.79638241
  -1.66555611    6.85828984
  -6.36167152    9.63633486
  -9.09551778    1.95610416
   0.91919304   17.30249675
 -16.90499319  -38.87585160
   0.28125175  -21.45517819
 -15.23486207    4.86210364
 -28.36021247   20.77901226
 -10.62806484   12.66600649
1497.51860172  547.90737181
 -15.11252679   -3.91811625
-841.05305413 -360.91056847
  -4.26509251  -18.30037488
   7.17791475    8.91497328
 -14.28374063    2.12372011
 -24.17970874   -5.27665455
 -26.70649736   -2.12081857
  -6.51219190   -2.37866244
 -12.07323961    3.46396434
  -1.05624472   -2.36286219
  -0.12737649   -5.87661681
 495.35532762  461.92314996
 -15.11475325  -27.33943026
 -19.67904861  -10.66178085
 -32.70353169   11.27865635
   2.45707257   15.47892743
 -15.25446067    0.53972456
 -28.79380423    8.45288469
 -16.00885335  -28.28809503
 -18.54616848  -33.31308905
 -12.47516333   11.27698325
  -8.41465348   -3.15730856
 -13.01248111    2.01889510
-176.16352107  518.19284963
   0.39761640  -11.84466130
  11.83501903   14.20312775
  -8.69081295    8.73261422
  -1.58070097   13.50492867
  -1.25307981   17.84220070
  -4.05556261   16.77231435
 -60.58586692    6.04282751
  -1.54859144   -1.68311972
  -2.65610554    3.75445468
 -14.65501997    8.84088757
 -17.56133388    8.30836320
 -17.18591656   13.58955619
  -8.48525671   12.08207608
   7.96860338  -17.84110751
  -0.01815652  -14.76847728
 -17.02217364   19.53976415
  12.46459027   11.85963349
  14.75274794   12.02267696
  11.55466355   11.69786397
   8.31282894    6.60903544
 -19.51742038    7.28129117
 -18.22891802    2.03105126
  -6.98333270    7.19225383
  -0.38432175    9.73334497
  -0.53262400    7.64938090
  -8.64211199   -1.99066964
  28.73088919   43.35521678
 -18.50103212   22.27136112
 -35.63716880   -7.80053149
   1.88872731  -14.32559508
   3.07545406  -15.57041326
