 -13.9581503  -22.5147077
  -5.7173563   -6.7541844
  -1.8959787  -14.8358669
   0.8051073  -12.5529491
  16.6833735   -4.2828116
  19.4499295   -2.6118459
  12.4926369    3.5447829
   4.8469600    4.4529642
   9.3494283   10.6698668
   1.6001148   36.5188518
   3.4741536   51.5579071
 -14.6404552   45.3395508
   4.6085296   24.4589009
  -1.0709745   38.1777741
   4.3017095   39.5536592
  -5.4847427   32.8730236
   0.6828582   32.4749621
  -7.1566530    1.0071565
  -7.2897632    1.1319129
 -12.1276209    4.1678718
 -16.8800677   10.7709589
 -12.9687570   13.3637993
 -23.3194086   14.0270402
 -14.1444302    0.9978898
 -11.9672650   12.3073988
 -13.4364864  -10.4435532
 -15.1103838  -16.8481977
 -16.5112754  -19.5024098
 -14.2673656  -16.4776066
  -1.3388235   -1.2184080
  14.4307803   -9.5225374
   7.7492647  -51.4195574
   6.1287363  -60.0306496
   9.0847780  -43.2961921
   8.9676474  -41.1616035
   8.1419100  -50.8264701
   5.4463994  -54.7883906
 662.8040780 -750.3472388
   1.7106820   11.5214972
  -3.5195459    7.1817306
  -3.9459334    1.0685534
 -39.5895539   23.3095184
 -16.5488468    8.4340066
 -11.8099924   -6.9681981
  12.5231983  -10.6866125
  13.1056376  -14.3917023
  11.5303032  -10.9476643
-866.4684436 -116.1376722
   8.3754804  -53.4728164
  11.7814435  -48.2998920
  13.7152797   10.1488935
   6.4242327  -28.3510831
   3.8401969  -22.7443493
   5.5317570  -17.3348546
   0.5479808  -12.0853242
  12.9090116   -0.7689864
  13.5271997    4.2719669
  18.1876823   -7.1658999
  13.9033259    0.6945070
  17.3946069   -2.4174658
  20.8032518   -0.7184067
  21.8128079   -9.6019101
  14.7282308    4.4848848
  16.9806515    1.9628525
  15.5887122   -2.4061905
  12.0193538    1.8216789
   9.6201101   -8.9602257
  10.1769863   11.3493176
   0.5702694   25.3959911
  -5.2614959   28.3092595
  -3.0942199   14.6338686
  -3.1896933   13.9773215
 401.3289953 -249.6451009
  -2.0890399   -2.1681119
  -3.5334875    8.1749106
   8.2151322   16.5544914
  -0.1622965   -1.0969209
-923.6791456  -24.8905074
 -11.9848894  -25.4975717
  15.5993224  -15.4904103
  13.2461251  -12.2764195
  11.0029764  -17.3569395
 384.8652751 -179.1314230
   9.1961935    4.4293557
  15.0856314    2.8635081
   3.6251785    8.5170277
  -1.4762167    5.9953193
   1.4660868    9.8381075
   3.4640455    7.2514968
  -0.5232271    3.3993149
   3.4503968   13.4248202
   0.9070208    9.5400088
   0.2639315   10.5418776
  -4.1101700   10.8246319
 -11.9449566   -3.3174866
  -6.1386312    2.3997766
  -5.1213829   12.0156249
  -4.9916932   -3.2998466
  -5.2954511   26.7397427
  -3.6838695    7.3857634
 -14.2850941   16.6296947
  -9.7585446   14.3780670
  -9.9593064   12.7864229
  -9.5597505   14.3384686
 -15.2959050   11.7658124
 -11.0773212   18.8865554
 -13.9866601  -19.8146124
  10.9887116  -14.8762407
   5.8926523  -47.9942163
1011.0897515  161.2654326
   1.1648256   -5.3453754
   4.9110550  -19.3049351
  -0.6142324  -12.9110835
  -1.7314140  -22.7775218
  18.2000189    7.9168179
 -33.0988368   20.2801949
  11.1193810    7.3424791
   9.0310248    2.7571909
 296.1255000  624.5883049
 -11.8136031    9.3110374
 -12.6762584   12.0035977
  -8.4418749   12.8534199
 -13.8113302   14.1369108
 -12.4374982   14.5590588
 -20.2401479   17.4283934
  -9.3938845   12.6378789
 -23.2380993   15.2051184
  -9.7581391   11.7645115
 -11.9979059   13.6983556
 -11.2413912    4.0919639
   5.6471314  -22.3143804
  15.0786376  -14.2851407
  13.8400129  -10.6042957
  11.9699202  -12.4591147
  12.8774130  -14.5376060
  12.3068840  -14.6387347
 -26.6760917  -44.1303898
   5.4707214  -52.0898686
   9.0607252  -57.2019453
   7.1575471  -48.0640207
  -0.9436085  -17.3237412
  13.1392317    4.8296819
   7.3030765  -19.0186984
  -4.0857290   51.5757851
   5.6224190   31.1150934
  -2.9599746   30.0738610
   0.6219057   23.2530201
  -4.5732253   31.8700483
   0.5994811    9.4651457
  -0.9060950   11.1498977
 -33.0012368   19.4239071
  -3.5546323    8.0727727
 -51.1636804   23.0240099
  -6.7399183   14.8550987
 -10.4899636   14.8479438
 -13.7419322   18.4246035
   9.7455485  -54.6792029
   8.4361019  -49.6155942
   7.5144111  -43.2307780
   1.9735603   31.0193879
   4.7172274   34.6509895
  -9.6943708   42.0177525
   3.9276702   28.9308687
  -2.0336177   19.6823058
   0.9057415   12.4259907
  -3.8304350   12.5144129
  -6.7114537    1.3978126
 -10.2352619   -3.8944614
  -0.7424889    9.4797946
  -0.7560847    9.1221908
  -7.2120848    1.4659316
  -6.7232513    4.4342795
 -21.9976870    8.0489680
 -10.2151618   -4.6220294
   3.8026191    7.5246988
   5.7043354   12.3541322
 202.0832601  413.9262606
  -1.6542399   10.7995848
  -6.9054476   14.8402988
  -2.8602588   10.4935547
  -7.2008714    2.4222367
 -43.7866653   22.0162359
  13.3110035  -13.0999962
   9.4924552  -18.2668160
  11.2456714  -19.2223020
-912.0556488 -141.4551441
   9.0774705   16.7276838
  10.4007914    6.7059181
  -5.0933617   24.4780760
  -0.8820273    8.8575403
  -5.7302201    0.1597479
  -4.7585397    4.6010753
  -5.4176745    0.9460893
  -6.4179747    0.8496821
  -6.4845032    2.1780533
  -5.9949612   12.3920069
 -47.1968502   22.5231631
 -11.6985624   17.4880010
 -12.0080871   17.9650873
 -14.6297769   20.9391519
