 -86.7291842   14.7028534
 -52.4948339   -2.1873624
 -87.9042015    7.2603405
 -31.9884471  -18.3583883
 -14.3071759    5.0226431
 -21.1909382   -1.4183512
 -19.2415993   -2.6222154
 -36.8143744   -6.9719118
 -35.5776919   -7.7716374
  -9.2621760  -42.5116754
 -60.9403500    5.1806428
 -44.9900537   24.0068946
 270.8740436 -658.0446696
 -28.3080922   46.6791225
 -32.7521761   49.9069983
 -32.2542507   19.9905340
 -23.0175309   -5.3129910
 461.7151583  366.7832650
 -20.7365151   -1.7485043
 -16.8194160   -1.5649385
 -10.5787165   -8.0955485
   5.2993755   -1.1629092
 -13.3879443   -4.8265008
  -5.0416790   -7.7249450
  -1.4997447   -4.2851844
 -12.5435809   -3.4098833
  -1.8102503   -3.3271818
  -4.0712907   -2.0693906
   3.3196623   -1.1161758
  -8.2338358   -6.0646109
1540.4418212 -106.6481436
 -69.1773972    8.8103649
 -65.4096583   10.5563035
 -63.9523651    6.6495103
 -65.0230061    8.5845243
 -80.4638399    4.3293425
 -62.6985014    7.9238108
 -63.7085794   13.0146924
 -61.9935524    6.0676521
 -60.3282316   10.7266545
 -41.5221189    9.6854613
 -49.5287657   19.3036879
 -55.1425512   11.0750877
 -51.8127261    6.4724877
 -47.7828007    5.2627997
 -53.4806892    9.0903186
 -50.3373609    0.4602540
 -57.1663071   18.8013682
 -95.3116537   14.8412899
 -97.1416731   16.6643601
 -65.7610318    9.2895484
 -62.5520761   -1.3731252
 -64.0009706   12.8754255
 -58.6357474    0.5026842
 -63.7055287   12.3325083
 -55.9425603  -13.6540481
 -51.5934836    4.2691175
 -57.4941185    7.5808533
 -72.5966933   12.7854353
 -49.0454645    0.7262261
 -27.5456263   51.2745704
 729.0873321  648.2976575
 894.2120856 -321.8138457
 -50.4563504  -41.2240261
 -29.8324468  -24.2249083
 -30.6823503  -29.0938540
 -35.8638672   -4.7611244
 -34.0843019   -5.1402014
  -4.8244405   -5.8942266
 -46.1550880  -15.8967157
 -45.7777772   -7.9740523
 -37.5677233  -18.6281826
 -40.0178521  -21.2629055
 -55.6960716   -8.1367971
 -35.9320266  -10.9163411
 -58.6013954    8.5061702
 -81.9485752   -0.8806785
 -29.9522538   52.0150193
 -32.9760516  -23.7724349
 -32.0887268  -34.3773430
  -9.1425867   -5.6257849
  -3.2063017   -4.5252975
 -34.4286130  -18.2906666
 -50.1755559    6.3948235
 -48.5137171   12.7273798
 -40.8485658    9.4334861
 -65.0081016    7.0972584
 -48.3414084    7.8024891
 -25.2717784   49.3510178
 -27.8971955   51.5676811
 -29.4366406   51.0919426
 -31.5377882  -20.6735240
 -30.1571793  -27.5079786
 -31.1536071  -25.6798060
 -34.4416558  -31.9784875
 -31.2453986  -24.3328209
 -39.6549239  -29.0412222
 -33.5681119  -20.0707879
 -33.0273263  -22.7516109
 -42.0845953  -27.0286425
