   29.8132625    41.0410889
   25.2628213    27.3969605
 -124.2088125   997.1277003
  -11.1005338    14.7708765
  -10.2671409    13.3778077
   -8.9093063    17.5467103
  -11.3720805    15.7911591
  -13.3335904    31.7622229
  -14.0370403    34.2421573
   26.7300041    39.1248731
   12.5212196    31.8324228
  575.4069164   545.9348937
    3.3865312    27.7306572
   22.1147593    46.5523385
    2.9977862    24.4812982
   15.1011837    29.8598162
    2.4197252    41.4690766
    1.1380135    26.9635625
    5.8462246    27.1563510
   18.6832265    54.5795419
   20.9937478    37.7374934
   28.0593118    25.7834768
   19.6932497    35.9341063
   31.8106029    38.5044209
   -7.9343110    60.9356709
   17.0216315    29.2808662
   33.9664491    25.1567132
   11.0555519    26.8935085
   14.8138160    21.8366200
   11.4338634    21.2883363
 -972.4311248  -290.9123877
  -30.3572368    30.1378949
  -25.2497491    56.2930266
   -6.8596919    60.9577136
   -0.6784906    46.4986108
   -6.0366672    60.6462305
   25.6071039    33.0203647
  371.4888479  -782.2429656
   16.7577893    30.6470861
   12.6913497    61.1766675
   38.3350859    29.8224786
   31.3903948    36.8592677
   54.1468851    44.5676033
   27.2241758    32.9989660
   21.2955224    32.8292547
   27.1249459    32.6877012
   17.2468496    40.3147383
   27.2186175    30.1479271
   25.9449837    17.5575898
   34.7622433    39.6930959
   25.5635176    27.5446891
   30.3472554    25.7496358
   23.8185911    25.1944657
   20.3748210    24.3441127
    9.8923964    24.8832699
   10.3855320    28.2681588
   22.6328284    14.9044741
   13.4647493    18.2238338
   10.7292651    30.8079794
   16.0925894    19.9879088
 -934.1807546  -282.1834023
   26.9994551     5.8423791
 1922.0560376 -1059.1448574
   -5.9252421    18.7365952
  -12.3420578    26.4301911
  143.9872794   -99.6282357
   -4.3459458    55.4217041
   -4.2121475    48.8939907
   -6.1493638    51.6765159
 -988.1364004  -265.1510949
   17.8547022    36.1255493
    4.2991344    23.4594004
   35.9371845    36.4160634
   25.3050151    33.4422455
   11.6699448    43.0638689
    8.2514241    26.2933380
   13.2710405    29.4450707
    9.4542110    25.4511436
   13.7136755    21.6155355
  -17.4972866    28.1400372
   -7.2893945    48.1202464
   25.7991317    32.5498514
   29.2245013    28.6326421
   20.7273584    34.0731778
   24.7152609    34.1394514
 -788.7620304 -1575.7927694
 -434.7385882  -138.4648188
   29.9256530    34.8210836
   30.5795187    31.9631574
   13.6411051    34.5890557
   23.5289695    36.0587508
   17.7191310    27.4136157
   18.2373726    39.3541662
   20.7766480    37.6744898
   25.0064063    33.2528180
   19.5276921    36.7181817
   19.1246819    34.9499758
   12.4824328    33.5516297
   17.1498053    26.8193218
   20.5839761    29.5278148
