-7.539176e+02  2.178516e+02
 6.103211e-01 -8.407505e+00
 2.852020e+00  1.237772e+01
 1.930431e+00  8.687390e+00
 3.100194e+00  1.496369e+01
 4.428674e+00  2.119614e+01
-8.950055e+00  3.433600e+01
 1.616561e+01  5.931075e+01
-3.411865e+00 -6.150079e+00
-7.347966e+01 -1.137194e+03
 3.880877e+01 -1.374286e+01
 2.893350e+01 -3.001182e+01
 2.090865e+01 -2.290355e+01
 2.340038e+01 -1.525747e+01
 2.714928e+01 -1.261024e+01
 2.419156e+01 -1.069340e+01
 2.180410e+01 -1.558704e+01
 1.182222e+01 -3.097425e+01
 2.442956e+01 -2.589489e+01
 1.973859e+01 -2.558303e+01
 2.437294e+01 -1.184870e+01
 1.641485e+01 -1.968177e+01
 1.921541e+01 -2.748452e+01
 1.908789e+01 -1.789734e+01
 2.058245e+01 -1.509978e+01
 7.358809e+00 -1.453710e+01
 4.298829e+00 -1.386078e+01
 3.948474e+00 -8.707502e+00
 3.721803e+00 -2.521630e+01
 5.188079e+00 -1.870995e+01
 1.912320e+00 -1.507752e+01
 3.504642e+00 -1.620299e+01
 8.799511e+00 -1.431752e+01
 4.012061e-01  1.132225e+01
-2.749243e+00  4.482468e+00
-1.194607e+01  4.672539e+00
 2.203854e+00  1.143151e+01
 1.238430e+00  3.801871e+00
 2.881815e+00  1.290508e+01
-6.570416e+00  8.215675e+00
 8.661359e-01  9.343195e+00
-6.381688e-01  1.098950e+01
-1.014223e+03  3.382300e+02
 4.828915e+00  2.465282e+01
 7.389862e+00 -9.441050e-01
 9.881068e+00 -8.887664e+00
 9.337780e+00 -3.978394e+00
 4.934418e+00 -1.799992e+00
-1.489613e+00 -1.764034e+01
 2.667720e+01 -1.650425e+01
 2.555074e+01 -1.374105e+01
 3.544047e+01 -4.359876e+00
 2.980021e+01 -5.884665e+00
 2.647226e+01 -2.185502e+01
 3.159076e+01 -6.387274e+00
 3.354216e+01 -1.477900e+01
 2.177449e+01 -2.562036e+01
 3.430102e+01 -1.121711e+01
 3.468777e+01 -2.469561e+01
 1.610038e+01 -2.339857e+01
 3.398636e+01 -1.603488e+01
 1.904558e+01 -3.023418e+01
 1.166769e+01 -2.079173e+01
-3.073157e+00 -3.682208e+00
 4.867816e+00  3.031795e+00
-9.276978e+00 -1.832244e+01
-7.621800e+00 -7.362647e+00
 1.229632e+00  1.179983e+01
 8.620744e+00  2.279160e+01
 1.444036e+01  3.471471e+01
 9.746100e+00  2.846420e+01
-1.522200e+03  5.995684e+02
 2.312099e+00 -8.482193e+00
-4.040390e-01 -4.108474e+01
 2.850506e+00 -9.819294e+00
 9.210867e+00 -3.102150e+00
 2.548303e+01 -7.663972e+00
 2.597337e+01 -2.706509e+01
 3.173713e+01 -6.222873e+00
 2.645988e+01 -5.713483e+00
 2.163583e+01 -1.428561e+01
 3.322545e+01 -1.379702e+01
 7.841056e+02 -1.245093e+03
 1.962695e+01 -2.558353e+01
 1.978549e+01 -2.306702e+01
 2.485990e+01 -2.578680e+01
 2.122833e+01 -2.244367e+01
 2.598979e+01 -1.397318e+01
 2.627298e+01 -2.492430e+01
 1.759438e+01 -3.430223e+01
 2.401983e+01 -1.374790e+01
-8.013768e+02  2.254659e+02
-3.796256e+00  1.102522e+01
 1.379604e-02  1.305374e+01
-6.074554e+00  2.780170e+01
 1.260366e+01  5.411757e+01
 1.408692e+01  3.698376e+01
 1.438619e+01  3.905761e+01
 1.101110e+01  3.504611e+01
 1.142101e+01  3.016012e+01
 1.086728e+01 -3.674801e+00
 1.334782e+01 -3.872619e-01
 3.576340e+01 -1.444512e+01
 3.818555e+01 -2.085517e+00
 3.630965e+01 -6.019071e+00
 3.326993e+01 -9.544115e+00
 3.534520e+01 -4.701014e+00
 3.544810e+01 -2.007254e+00
 4.662617e+01 -2.910839e+01
 1.391991e+01 -4.180731e+01
 3.456787e+01 -1.281401e+01
 9.975165e+00 -2.223332e+01
 3.732508e+00 -1.213549e+01
 1.842808e+00 -2.489176e+00
 2.510775e+00 -1.345036e+01
-1.334472e+00 -1.421814e+00
-1.735420e+01 -8.233981e+00
-1.239773e+01 -8.338308e+00
-8.500564e+00 -9.683139e+00
-1.179578e+01  3.095227e+00
-1.306771e+01  2.159978e+01
 1.088045e+01  1.487481e+01
-3.399344e+00  6.507724e+00
 9.277623e+00  2.145819e+01
-7.493667e+02  2.941365e+02
 5.615771e+00  2.333317e+01
 6.925026e+00  2.748565e+01
 7.887593e+00  1.252945e+01
 1.778373e+00  1.880389e+01
 1.779754e+01 -1.140812e+01
 1.595358e+01 -1.508672e+01
 1.956846e+01 -1.103454e+01
 2.839659e+01 -1.732418e+01
 2.923103e+01 -1.385560e+01
 2.952825e+01 -1.164431e+01
 2.906886e+01 -1.684425e+01
 3.291195e+01 -1.126395e+01
 2.446756e+01 -1.763403e+01
 2.135317e+01 -1.267553e+01
 3.936057e+01 -2.220420e+00
 7.174551e+00 -1.157818e+01
 3.036559e+01 -3.771374e-01
-3.979984e-01 -1.628038e+00
-4.302267e+00 -2.202465e+00
 4.420517e+00 -9.367496e+00
-1.241531e+01 -5.363767e+00
-1.104965e+01 -9.620800e+00
-6.040887e+00 -7.104623e+00
-7.662426e+00 -9.224506e+00
 1.723025e+00  7.817569e+00
-1.685360e+01  3.794463e+00
 5.993694e+00  2.179768e+01
 5.193897e+00  1.422133e+01
 5.593114e+00  1.691752e+01
 5.749116e+00 -3.720755e+00
 1.190943e+01  4.196988e+00
 2.615175e+01 -2.288644e+01
 6.806706e+00 -1.513780e+01
 3.391240e+03  9.608755e+02
-1.232704e+01  7.235935e+00
 9.318653e+00  3.846589e+01
-1.348405e+03  3.878870e+02
 1.218275e+01 -4.527983e+00
 8.753272e+00  1.110683e+00
 2.743952e+01  1.429947e-01
 2.165195e+01 -7.905579e+00
 2.219556e+01 -7.142662e+00
 2.662574e+01 -1.067335e+01
 4.287874e+00 -4.020324e+01
 1.349298e+01 -1.009544e+01
-8.138593e+00 -1.024769e+01
-6.180092e+00  4.548022e+00
-9.983438e+00 -4.418712e+00
-5.655979e+00 -1.981169e+01
-3.662798e+00  1.534975e+01
-1.010788e+01 -5.711684e+00
-1.167399e+01 -2.508847e+01
-2.611102e+00  8.305885e+00
-1.255650e+01 -2.714035e-01
-2.840979e+00 -7.418325e+00
-2.160205e-01  1.236946e+01
-1.218624e+01 -5.439791e+00
-8.222334e+00 -3.976555e-01
-1.008595e+00  1.458699e+01
 4.464227e+00  1.707797e+01
 7.867908e-01  1.256607e+01
 1.168327e+01  4.998447e+01
 1.229116e+01  3.212508e+01
-2.685293e+01  2.316787e+01
 2.137887e+01  3.758825e+01
 4.791759e+00  8.604667e+00
-3.059747e-01 -1.643243e+01
 1.851574e+01  1.307081e+00
 8.486745e+00 -3.594608e+00
 9.332591e+00  1.735454e+00
 2.295105e+00 -8.425582e+00
 3.276091e+01  3.037392e+00
 1.933357e+01 -1.562842e+01
 1.564304e+01 -2.987892e+01
 2.024722e+01 -1.746708e+01
