  -79.384824   -39.294843
  190.768390    94.472602
  -43.118562   -36.800205
  -44.231751   -32.935454
  -52.194546   -41.010785
   -9.508974   -26.948479
  -43.092285   -33.318094
  -28.771872   -32.419595
  -49.907764   -41.296983
  346.129502 -1702.238874
  -54.578091   -35.010668
  -55.409418   -36.003724
  -51.978760   -31.252733
  -48.685868   -27.734839
  -26.048661   -30.266270
  -12.248440   -31.476127
  -28.316086   -27.660592
  -32.422861   -34.113706
  -34.771323   -33.951651
  -28.202100   -31.767903
  -29.182214   -32.475913
  -15.174474   -35.181493
  -72.180171   -17.461485
  -71.382641   -20.468647
  -47.788832   -18.803804
  -57.326389   -11.221583
  -47.913088   -13.679515
  -33.674938   -23.928833
  -60.755791   -15.607750
  -61.558802   -14.044527
  -39.019660   -25.572893
  -50.393318   -32.764164
  -18.976731   -51.836253
  -43.382842   -30.833923
  -26.681629   -26.591013
 -280.880495   782.232108
  -43.103711   -32.133714
  -42.832454   -35.831402
  -35.010951   -33.336724
  -48.337301   -37.878569
  -61.420763   -61.917992
  -63.725896   -60.104212
  -72.079915   -46.364520
 -103.409527   -68.585583
  -65.586924   -47.810394
  -89.099095   -54.740498
  -72.007780   -53.350439
  -56.493027   -32.743377
  -65.377884   -46.159203
  -53.695340   -35.770728
  -52.973483   -32.267393
    1.482887   -18.797173
  -72.118636   -18.712535
  244.844059  2300.095579
 -281.199996  1544.160188
  -39.265463   -35.178569
 -124.928494   -83.844021
  -74.129256   -35.441762
 -115.379927   -47.255443
  -35.218295   -26.852441
  -50.721627   -37.219477
  -46.776985   -38.805055
 4535.268278   109.959796
  -59.008589   -43.150065
  -67.668909   -16.185383
  -75.039025   -25.555117
  -58.192743   -21.783877
  -61.953822   -23.910738
  -69.256289   -20.008335
  -65.696447   -23.810203
  -77.797246   -30.210033
  -63.119161   -14.867979
  -62.803826   -18.779204
  -75.063478   -21.779165
  -24.276702   -29.863225
  -40.674415   -24.942167
  -73.932712   -32.534268
  -74.389118   -36.207429
  -72.669565   -36.139734
  -50.375616   -36.892097
  -47.816996   -63.637049
  -56.730222   -50.465128
    7.171097   -17.242171
  -75.139068   -24.642626
  -66.342610   -15.537191
  -71.615754   -20.470364
  -68.932917   -17.505829
  -72.211843   -18.978915
  -55.783095   -18.449685
  -50.763761   -24.633292
  -35.958626   -30.724917
  -29.014896   -29.246398
  -25.935330   -34.498482
  -32.123135   -44.686703
  -22.032101   -35.416393
  -16.247448   -43.933936
  -28.159460   -46.073080
   -4.726519   -41.738223
   -7.610482   -53.846322
  -42.565356   -45.500007
