   13.5413009    13.8223284
   -1.8189581   -11.1696358
   -4.6362801    -3.7669946
   -5.0924456    -8.7814833
  -17.8638007    -6.7034030
   15.0748128    -1.9524330
   21.3479107    19.7690171
   11.9919254     8.3811717
  -15.3771515    14.1723149
  -11.8187802    12.4653387
   -4.1215683    43.7076675
  -11.3411838    29.4219238
    4.8764976    13.3103722
   21.4378891    38.8789025
   32.4943798     5.2991094
   31.1349928     4.4901246
   -7.0867303   -12.1671227
   -9.3538764   -22.8912827
   -6.5182296   -22.8554668
   -7.9054301   -20.4582289
    9.6533244    18.8825829
    4.8632593     0.7697588
    3.3079156    -7.8524981
    0.5024290     0.5997608
  -14.6562926    12.1875578
  -10.5771793    14.1868506
  -19.3390302    25.1825342
   15.7604270    16.0281319
   19.4077204    30.2946726
   13.4059579    39.9823819
   21.4936732    32.7576407
   18.8460530    47.4570156
   -8.6940060   -12.2232248
   -4.7856665   -15.9401022
    2.0358819    -3.8013319
    3.3172844     3.7434801
    0.3749779    -9.3533582
   -0.3144343    -6.1566822
    7.8223352     1.8112423
    0.8394946    11.9898505
    9.1518671     3.5578508
  -10.5707031     9.7330690
   -4.0629398   -13.8398724
    6.4389432    -0.3208515
    4.6258512    -8.1429210
    4.2843525    -4.8991218
  549.3819642  -854.9951874
   -4.4252019    -5.0654200
   -4.1365162   -16.4021951
  -10.1331060    10.1152392
    7.9403086     3.3777428
  -13.8071712     1.7036647
  -29.3165292     4.4163731
  -13.3381617    -4.2994834
   -5.8665272    23.5811995
-1755.3338487    80.7765151
   11.1721822    17.5235371
    5.6928160    28.5068923
    9.0383806    25.8432512
   16.8641180    21.4842761
    3.8648845    19.4974787
    1.8467429    -5.1287934
    8.8577006    22.4872506
  -14.0073508     5.6293125
   -6.0677533     7.9270483
   -4.1505383     1.9153641
    0.7112538     0.3163050
    3.8632693     3.0471713
    3.3682609     0.3379685
   35.4536557    -0.8820313
    1.9205514    -8.0984112
   -3.7749224   -10.1955452
    0.2171365    -3.8117692
 1864.5506860   825.2752978
   22.8819299   -17.2497835
   23.1566727   -12.3071749
    4.7346015   -11.2897654
    4.5990114    -8.6855238
    4.6273050   -10.4273061
  752.3218008  -854.4740050
    2.0589054   -15.8171598
 -864.0156414   221.3101725
   -1.3530196    -0.4225529
    4.7486506     9.6641284
   14.8754276   -17.8943652
    9.5657913    12.8142798
  -14.8457118    12.4230239
  -18.5456962    10.3935073
  -38.7163098   -14.7190186
  -19.5178555    12.1682809
   -7.4577698    13.6512067
  -17.7542738   -11.3765169
  -14.1677724    22.5317394
  -13.0771323    19.0458989
   -4.7088830     8.7179543
   -3.7549370    14.4935692
   -9.6574808     5.7344304
 -653.5744897   147.5885719
   26.1751822    -8.1166221
   28.9186401    -2.2466572
