   9.22451233   17.97763397
  14.25737110   16.65274692
  12.11932707   -9.16509165
  39.88060491  -21.38833843
  39.00950926  -14.74820356
  35.26556443  -16.78976115
  37.55963724  -19.49675405
   8.87062713  -30.45770530
   2.40324210  -36.27381829
  10.12932352  -43.10617552
  11.68076523  -50.43054331
  11.74794239  -39.78638420
   4.92609444  -42.31654475
 -11.37410328   -0.40239341
 -17.72936644   10.13627774
 -21.86991429    0.56300152
   3.32021134   21.02886917
   4.89017614   25.94975051
   2.70012820  -41.35709751
  -2.93380963  -42.70690432
  -3.31658501  -61.85952335
-916.10834120 -674.85650431
 -27.41603936   11.13286367
 -18.85857045    6.71048504
  -9.34355850   18.24332875
 -10.24092085   22.47030420
  -6.16290599   15.01986007
  -8.88505769   17.58868609
   1.26123001   32.90974932
   5.66721043   38.13033440
   6.56843059   29.13409882
   8.65284658   25.21056265
   4.21129698   34.52449091
  13.26481479   -6.05953986
  40.10153058  -19.93836241
  38.84593492  -16.70231197
  40.59027788  -16.51293768
 -18.75434640  -54.06404440
 -15.77447910  -48.17805650
 -23.49102450    7.56210720
 -38.75254762   21.39999082
 -38.54685821   14.65334957
 -43.75627016   30.21065153
 -43.22256838   34.91221316
-611.80270875  567.47132587
   4.01475467   19.11829080
  -9.48849275   25.36160017
  -1.23162694   28.62991179
   3.08899623   10.13698184
  -8.37680140   23.07303260
  -7.01853574   31.76858025
   8.92364391   22.41493517
   6.40037963   28.67139025
   7.82066489   29.82798696
   2.55234018   31.02222855
   3.53309801   52.72029125
   7.78493472   17.67124391
   6.74977762   40.53437739
   8.99452411  -15.14279987
   5.66825113   -9.13267361
  47.40147459  -15.65857343
  51.45097919  -15.21492053
  47.15557928   -7.77457574
 894.55507103 -173.57772375
  28.98005282  -19.93946904
   3.05564329  -35.02479156
 -12.11014133  -53.28177238
 -17.20876815  -52.89886398
 -41.58027950   26.43185720
 -40.58147810   26.25802492
 -40.69973796   17.93483146
  -8.97507975   25.85911038
  -8.91601268   15.47503125
   1.62922902   34.91537349
   4.85099987   35.81134215
   1.55835380   66.58741222
   6.53012547   20.22484035
   6.74614045   32.09623766
   2.56424302    7.41598071
  65.45267825   -6.53226385
  43.00299613  -16.80760584
 -12.64706242    6.23396072
 -14.80823212    6.66651151
 -16.78028477    7.44975749
 -14.50181795    2.27309015
 -18.79371832   -2.98817504
  -9.44301393    5.19595704
 -16.42477806    7.52413662
 -16.85700673    6.68894405
  -8.41017129    5.38768180
 -14.90912343    7.62812102
 -15.63211796    6.95932739
 -19.24147255    5.91007408
 -16.23087733    7.41210258
 -39.43165099   18.24757556
 -37.86884310   20.79150496
 -42.50478851   14.73935394
 -39.47842576   15.58197475
 -41.22077344   23.40790440
 -41.49653469   33.46423852
 -40.45468690   12.90528170
 -37.82805358   20.46091843
 -33.56895049   17.76332964
 -45.47013477   23.66851487
 -40.06738538   17.90030669
 -40.56407358   17.73263840
 -39.87337547   24.77374325
 -39.78038460   22.63286629
 -44.75460218   32.95675759
 -39.79637882   27.84447074
 -44.36293316   33.46691006
 -42.99864696   28.62798732
 -43.30889911   25.38691034
 -42.04438007   29.24503529
 -44.76159675   34.41471458
 -49.19317381   39.71011207
 -44.85246707   33.21782186
  10.40326345   20.98499706
   4.50716176   34.23078774
   0.84501574   67.63422886
   4.91539236   26.62986215
   5.59017098   26.43961231
   3.06514880   27.57167462
   8.51385031   27.93238268
   7.91259594   20.15960445
   3.97232888   40.11246987
  11.19280210   10.24367211
   5.43447604   -7.18014070
  20.65105958    4.90246088
  12.32002050    5.78741095
  14.88960611  -11.44016387
   1.50093921  -18.37916428
  13.86907415   -6.30999403
  45.07156197   -9.40326337
  64.47298505  -12.29302406
  44.63708717  -17.18526089
  45.65978577  -12.61052998
  50.25747114  -12.97794051
  46.98441926  -11.96292450
  44.30463399  -11.49285750
  44.42328630  -23.80371415
  41.32407993  -23.50075506
  44.75446352  -18.39055660
 966.09913175  -75.88197314
 -18.92351873  -47.86758043
 -17.16842372  -51.02926660
 -14.38679092  -57.24678102
 -22.75644782  -33.55156105
  -1.72312474   -3.01174655
   3.48465712   -5.96108465
  -0.01767457   -5.75061183
  -2.31812644   -3.66117545
 -12.31379424    7.07472464
 -19.46775725   -8.22208859
 -29.55819701    8.99134894
 -42.20673466   32.16318757
 -10.91166501   37.66987120
 -15.22396208   50.18604063
   1.69441897   26.48757010
   3.26579731   23.49888534
   0.42079142   35.48482222
 -10.73922061   40.85918863
   0.36963076   32.63446966
   2.36047886   28.86095425
   1.82970419   33.57568316
   1.24138388   20.63562073
   4.74476923    8.81790891
   6.88219965  -11.84408869
   6.11147650  -16.11948421
  -1.88284871  -27.22015796
   5.92529322  -16.38135034
  -1.17086511  -29.77085425
   6.95834445  -11.41380074
   0.66505376  -23.24768899
   3.36993296  -15.29790509
  -9.46012596  -48.96252049
   3.91492800  -10.73063069
  -0.30354423  -28.22277189
  68.61733474   -3.61038208
  49.49105129   -8.59714838
  48.45418818   -9.53397259
  44.84318943  -16.79050688
  50.36538701  -23.41283279
   3.44768346  -34.00496172
  -4.76818257  -36.92355461
  -8.63158584  -32.26366871
   4.07340496  -48.48023783
  -8.90480241  -59.41104393
 -14.26098141  -54.54291614
 -15.04295473  -51.76016285
 -15.73071196  -49.74023324
 -16.51591411  -49.94484265
 -11.81579036  -57.52857125
   5.34074989   -8.64048956
 -12.71228247   -8.47086665
 -13.60066924   -4.16368091
  -8.15827807    2.46218535
   1.72985147   -5.23621710
  19.66726243   -7.28868521
   1.10840530   -6.61414352
