 -641.6792072 -1152.2897534
 -138.1995408  -812.6843211
-1069.3091307  -367.5964068
 -139.8935632  -813.7821266
-1800.1550755 -2366.2918397
 -803.4047045 -1113.4810717
 -356.0881873   144.5585445
 -717.9896740   925.4906679
 -533.7999809 -2183.2967223
-1689.4894857   982.8341595
 -342.2989879   203.6025188
-1088.8281623 -1496.4074231
-1643.4804996 -1246.3674851
 -610.9312214  -213.5815607
  -87.2617209  1430.2103796
-1465.1021809 -1105.2919131
-1877.4819928  -401.0589706
-1841.2139146  1437.4934572
-1305.3137513  1861.1439770
  -44.0004942    16.7616729
-1697.9983844  1079.3658719
-1027.7764165  -387.8816369
  -64.0063717 -3352.0742288
-1033.0208461   112.0021549
 -611.7237181  -214.0001163
  401.2419338    17.9521466
 1080.0230375  -790.2849721
-1296.5913842   -30.1028288
  -15.0810128  -365.6116476
  745.2226463    35.7858414
  676.2703756     0.2139737
  693.0715107   -28.2042722
 1107.6421230  -402.4356618
 2766.7266410 -3822.3971898
-1803.6517912 -2368.3121281
-1011.7890057  2484.5764948
  -18.0199173  1555.2774304
 -487.2060315 -1917.3254988
-1730.1677369   135.4080672
-1887.9737858  -549.5056822
 2551.0691652 -1624.5808311
 1746.1908178 -1774.6642959
 1770.5418699 -2029.2976155
 2669.9790476 -1712.2554575
 -190.6498928 -1063.0014571
 -339.6803329  1791.7087032
-2297.4151170  -473.7445335
-1282.2299645   -69.5130431
  -94.5999484  -421.0178315
  663.4900501  3016.2773725
-2769.0946331  1046.0564011
 1324.0522708  2683.9035675
-1990.2531386   352.2121355
-1986.6815019   352.0898450
 -916.7846939  -189.0219115
 2883.0773776  -924.3055531
 2499.4866033  -279.8098508
 3014.8702480  -220.1209344
 2699.5299307  -685.6137046
-1070.5812105  -368.1365957
 -415.2774977 -2061.4144308
 2278.4360104  2377.7788081
 2264.6709035  1672.0348004
 2817.8226219  1529.5313159
 2026.9831277  2074.3290424
 2380.7943308  1459.6569740
 2062.5980129  2374.2383558
 2800.5307449  1606.4362305
 2110.8493520  1916.1384912
 2153.1889586  2027.7926006
 2482.2446068  2141.8987038
 2518.8913144  1659.7461599
 2111.3910708  2122.5121604
 2177.4217170  1695.7525000
 2077.0498821  1980.5010731
 1741.4518865   929.4849778
  462.1552198   814.3632408
  -90.7355587  1431.7133680
   89.3174451 -1104.5949216
  436.5240728  1909.9927072
 1697.5581624  1637.0725913
 1748.5202426  1769.5506959
 1890.2999477  1890.6890366
 1568.8669162  1852.7290514
 1571.9597371  1954.1727317
 1778.8450084  1924.8743356
-1392.9219321     4.9303938
-1549.5344621   591.4860234
-1196.5627623  -180.5328064
-1072.0531141  -368.3139508
 -685.8942882  1094.3152370
-1588.0378539  2061.5363161
  551.6060103  -782.4115785
-1643.2509799 -1246.0816481
 -306.7564222 -2008.7451169
-1302.8215116  1859.9421081
-2219.8273380   713.9454862
-1301.0216205 -1186.0389806
 1728.7691843   -23.5831676
 1723.1641528 -1072.6562298
 -329.6334910   751.7777879
 -200.2947857   932.8447771
  160.2079767  -440.5535743
-1919.8458831  4275.9076198
  878.4829445 -2582.6591813
-1733.1943279   135.0384339
-1502.0577429 -1355.4040837
-1097.1766246  -806.8604206
  979.6590124  2056.5956242
 2440.3798724 -1811.6782376
-2390.1680381   292.3775051
 -110.0681700  1015.5831745
-1178.7301861   507.9438006
-1279.6219425   440.9773464
 -480.3755374   -81.5540764
-2436.2245962  -698.3003335
-2085.7925415  1220.7642279
-1070.1184478   532.2322610
 -683.9814938  1093.6605862
   12.1260632   315.0143080
  879.3723086 -1487.4307813
 -613.4500831  -214.1110896
  367.2252850   451.6682409
    1.0300746 -1426.8882019
-2592.3018193 -2202.5374894
 -701.7920508  1016.5376339
-1204.7899767  -723.9194902
 -802.2576846  -999.6212009
-1366.7642067  -766.2756470
 -963.6973619  -572.3846023
-1971.8164824  1983.3437689
  668.5613775  -486.3342157
 1113.9549767  -427.4292020
 1379.3843225  1766.4276387
-1465.2991970   -89.5453868
 -718.5973882  -610.9806582
  405.7057963  2234.0236176
  -82.8233397  -683.8659536
 -656.8177364  -308.0306782
-1284.6188523   362.0745855
-1803.0148615 -2369.4130036
  208.9863244   364.8616483
 -304.9396182 -2006.1562525
-2773.2839097  1046.8933402
  211.8617326  -206.1638768
 -681.6908530  1092.8534584
-1802.2851614 -2367.6702399
 -820.7916368 -1111.1203716
 -589.1993988  -553.0393639
 1756.8768968   238.2016764
 1092.3199268    68.4562507
-1013.7117449 -1286.3817498
 -655.0233521     2.5129269
-1646.5927699 -1247.2762108
 -458.8758684  1375.7846670
-3168.3928053   156.9714417
-1862.7117941  1448.6900606
 -686.9178663  -626.9083835
  261.7841940  1779.9827773
-2293.4677031  -473.3532702
 1080.9820133  -790.9928222
 -269.3516579  2149.4868995
-1748.8028239   657.9700183
-2562.4216329  -220.0148058
 -533.6659630 -2183.6364254
 1888.8263942  -588.9116829
-1004.2029329   258.4677437
  337.0545564  1235.6458992
-1014.1094926 -1286.0461653
-2334.4589716  3021.9486588
  413.1720637   166.3748954
 -898.5280316 -1636.5241943
-1298.2479673 -1184.2727993
 1949.5836027 -1658.4561551
 -445.4955606  -169.8209376
 -682.0345647  1092.7839437
-2330.7230375  3019.5870478
   62.1436806  -593.4354032
 1898.4792049 -1957.6622132
 1687.5543354 -2008.6036968
 1596.7061578 -1901.8572213
 2324.2401360 -2234.7589495
 1732.6571194 -1646.3348128
 1571.1912404 -2044.6567972
 1731.6459204 -2003.0418561
 1570.7622351 -1850.5799931
 2044.3619039 -2098.7843641
 1512.1060618 -2454.1921363
 -612.8705536  -214.6449729
-1546.4838765   591.7879486
  435.1679029  1639.7971534
 1107.8578110   768.5092469
 -138.9899950  -813.8655046
  412.5135416  -930.1931857
-1202.4229032     3.5658886
 3019.2244773  -194.9572504
 2697.3576256  -198.0352531
 2981.9889689  -703.2215295
 2636.5646700  -243.5122613
 2635.1559515  -105.4149099
