 -37.0493888  -29.1307990
 -48.2825590  -36.4097141
2018.2637932 -563.1262005
 -66.9570522  -51.9320067
 -59.5419916  -45.3900652
 -43.5701601  -11.5057202
 -48.7557667  -24.0636518
 -67.0740521   -6.8014051
 -53.8493484   -9.8599428
 -40.6140889  -20.1105430
 -40.4316177  -19.4374837
 -50.2723087    5.6228339
 862.7742705  175.1980674
 -35.5493729  -24.6551330
 -71.3561882  -95.0162875
 -46.0451481  -51.1861443
 -27.7587741  -26.1059195
 -31.3867438  -56.7865804
 -84.9102387   -4.1052704
 -37.4134015  -35.1961575
 888.0898807  120.0344585
 -58.6874450  -42.8483862
 -57.7108922  -40.0261267
 -56.5122860  -36.6169160
 -25.4347044  -42.5062677
 -36.3323513  -22.7454857
 -29.6020997  -37.3321382
 -50.3899810  -22.8912301
 -53.9336205  -40.5366201
 -77.8033100  -22.3088501
 -32.8672977  -32.3962336
 -42.3502833  -26.0962486
 -50.6497701  -35.8487358
 -43.5633797  -51.8216997
 -44.4997418  -45.1944614
 -96.5251491  -34.2839384
 -45.5707123  -40.9743999
 -52.2726906  -23.8639311
 -39.5507783  -35.8398771
 -27.0452950  -60.6722499
 -50.9325374  -14.8166727
 -34.7233567   -9.9281968
 -32.1255489  -15.7244821
 -33.2444046  -20.8137094
 -27.7115882  -31.4935277
 -31.4934855  -15.9333578
 -63.6813053  -17.7491446
 -63.0600816   -2.7465081
 -33.3921617  -20.0745459
 607.4776893  145.8517683
 -60.3181739  -35.2525591
-117.5695251  -47.5195068
 -49.3083843  -19.7316094
 -41.1985745  -16.6887916
-388.3294730  568.6524347
 -56.5334131  -14.6283091
 -49.4088599  -24.9494318
 -49.6026915  -18.8587052
 -47.5246174  -14.3979650
 -61.2804015  -15.1589836
 -49.5453418    0.9494536
 787.7398427 1399.3770570
 -68.5125947  -32.7335834
 -44.3736418  -21.4651012
 -43.5039714   -9.9758877
 -49.9187792   -9.0126437
 -43.4125990  -13.4398274
 -29.6202652  -30.9603288
 -30.0963967  -34.0089725
 -50.1694061  -31.4557401
 -52.1501303  -30.9726452
 -50.0073679  -15.4895894
 -48.2962060    2.6872734
 -53.4563101   -4.7745339
-384.1181352  535.1337758
 -36.9033424   -5.1315116
 -37.0502756  -18.9855607
 -35.2557516  -11.7471494
 -36.6665731  -25.3994614
 -45.3768983  -22.4082989
 -32.5930281  -14.4159754
 -40.5382121  -30.2874502
 -49.5927999  -22.9702589
 -38.2018707   -9.2574048
 -42.1734975  -26.1293880
 -58.4682265  -21.8055052
 -37.8317395  -12.0999978
 -40.0003184  -18.2967713
 -54.4203451  -17.7852574
 -45.0747110  -20.6413107
 -23.8588893  -22.6669753
 -27.0502552  -35.9601076
 -43.1122066  -53.4959260
 -46.6856252  -14.9926577
 -48.0447731  -39.3458919
 -54.9403961  -37.0232248
 -40.4860318  -16.1348954
 -53.4025368  -24.0619762
 -51.6355592  -19.3254057
 -44.2418943  -16.7610795
