  -20.1969113    17.3568367
  -13.2702981     1.9296057
  -18.7694996     4.3556998
  -14.0035805    -4.7112802
  -19.0911738    -8.2846374
   -8.5740747   -30.7200156
   -5.2237633   -31.5531867
    5.0210319   -41.8340539
    2.9108506   -43.6913847
  -17.3572767   -27.2717115
   13.6056190   -28.9371043
   14.3339101   -37.6444262
   -0.3142122   -47.7646131
    2.1674025   -18.9536919
    6.0560253   -30.5071191
  -12.7706516   -36.7903763
   -9.1515037   -29.5214752
   -8.2854940   -29.8469720
  -15.2259672   -19.1730926
   -9.2947524   -14.6668419
  -12.8931539    -9.0722081
   -9.4761856   -12.2730645
  -35.6800912    30.1774267
  805.1644577   546.5030269
  -26.5791077     8.4296767
  -30.3672271    15.9558975
  -23.6466455     5.5573215
  -31.9507588    12.2700611
  -30.6987465    11.3226504
  -30.7845916    11.6168675
  -22.5212838    15.9517034
  -12.7062005    16.2254073
  -13.0178400    18.0476522
  -19.1873535    24.2780078
  -14.2818263   -30.3196995
  -10.7922473   -34.6046726
   -9.7551913   -22.3987695
  -10.1291571   -29.7754745
   -7.5599423   -27.2694013
   13.8368421   -44.5684804
   16.1596925   -40.4606734
   17.1700420   -46.2461301
   10.3033242   -31.4704927
    9.2478233   -20.3978720
    7.7759861   -21.5754935
   -3.1405500   -29.5427708
  -15.5302509   -15.5367811
  -11.9065282    -8.8327155
  -16.6069723    -0.1085413
  -13.6373718   -21.0215508
  -34.2826174    33.4330273
  -37.5350649    32.6914825
  -39.1943709    38.0814147
  -22.0953145     3.3746483
  -27.5731801    11.2310106
  -12.7141919     3.3324521
   -6.5144410   -34.8858845
   -6.5449757   -20.9826158
   17.0349118   -34.5988488
   14.1467418   -46.3858223
    4.0955641   -37.1900660
    5.4326007   -25.3167475
   -2.0955674   -20.5971711
    4.2795720   -20.1082399
    2.2245315   -28.7796134
   -0.1201056   -19.7890303
   -2.2703685   -26.0960167
    3.8438978   -25.2984896
   -0.7869867   -21.9984769
  -16.4980820   -20.8666842
   -8.0780547    14.7052014
  -21.9826675    18.9657068
  -20.3008859    16.2719779
  -10.1376554    15.9933289
  -11.6856346    17.8567810
  -12.2663776    20.2279953
  -12.1281233    21.4044443
  -15.1925694    20.5252916
  -47.8988711    31.2322581
  -17.7557177    -1.8531361
   -3.3171288   -25.7004521
   -3.6941297   -33.3848867
   -5.2983049   -27.5899747
   -9.2393305   -25.4089815
   -1.8321156   -44.7096884
    6.3385531   -38.5981818
   13.7483704   -45.2974009
    6.0620035   -26.1753247
    6.0517543   -17.5133817
   -8.5019288   -25.5884823
   -9.8274757   -20.8914910
   -9.5057236   -26.9741315
   -4.6056742   -29.9067773
  -12.1359972   -21.3079213
  -12.5439260    -7.7137250
  -27.5828168    12.0099604
   -7.0376016     6.7103515
  -19.0626746    30.8532648
  -16.9400723    23.5630905
   -9.7074026     7.9513116
  -23.3855269    15.7356819
  -34.0316931    28.4052028
  -36.5295926    29.6083910
  -31.0530213    34.7196335
  -30.8728580    27.8442521
  -34.4100907    26.7064696
  -34.3042421    29.8528578
  -25.4842295     6.2494688
  -24.0389521     5.1340128
  840.7823293   522.4305458
  -12.8297948     4.6482499
  -11.6800756     6.7931015
   -5.9585740   -14.2996265
   -5.3582217   -32.2801363
   -5.1093491   -30.4512847
   17.0614710   -43.0268758
    2.4733589   -22.3015642
    7.1821704   -23.3234044
    5.0016037   -27.1081094
    2.2396021   -21.1532561
   -1.7166670   -20.5595372
   -2.1009792   -25.6045922
   -9.8479913   -25.7922339
  -20.8234413    -8.3539252
   -9.3658602   -14.5498103
-2006.3669018   563.9274785
  -15.2133045    29.0057330
  -15.5480109    38.8879305
  915.5004734   654.7091628
  -48.9731576    50.8889951
  -44.5257585    26.6657376
  -17.2019617     6.7733771
  -16.0420310     5.2867619
   -7.7838392   -14.9582260
    9.0118202   -19.5617007
   12.3321558   -33.3920153
   19.6210239   -33.2810097
    7.2702062   -34.1303454
   16.8995781   -42.1913368
   14.3699165   -29.3583011
   -7.5211146   -24.4298588
  214.9269005 -1149.4154892
   -8.2393755    14.5420165
  -15.5398942    15.8063837
   -4.3211971    25.9640093
  -27.9308926    10.9532738
   -9.4621905    18.3042451
   -2.6994522    11.5246220
  -19.5513516    17.4781291
   -6.4699351     1.9705737
  -18.1056281    27.3850869
  -10.8620321    12.7945069
  -23.6285822    40.5279216
  -44.2276689    47.8314193
  -45.9292601    46.8402864
  -39.2158232    33.6299318
  -40.2742063    35.4614211
  -27.4257015     6.5790812
  -29.5217842     6.5757092
  -35.5881292    21.8721472
  -28.0248448     7.6117203
  -29.6979135     5.9065205
  -21.2651514     0.9322318
  -33.8555790    11.2100270
  -20.1810002    16.3484425
  -14.4089544    20.0377553
   -7.9778820   -18.4904848
   -1.9654475   -36.0212665
   10.5471318   -21.6155629
   22.0792981   -40.8926851
   20.4423379   -25.6957835
   12.8292252   -45.0422861
   14.3748053   -33.1636519
    8.6866445   -29.7241624
 1348.2946901   -40.8062585
    1.4585889   -29.1105540
    1.7383669   -34.1472589
   -8.7598518   -26.8448895
   -9.6171701   -22.1741868
   -9.8169077   -24.9029720
  -10.3639534    -8.2820117
  -13.2152661    -2.3758968
  -10.6182459    -5.5437350
  -12.6695930    -4.9503735
  -14.2098036    -7.4064380
  -15.2618854   -15.5952235
  -12.8558713     0.9025699
  -10.7772330    -9.4945643
  -11.8590481    -6.3210566
   -9.0132440   -16.7456837
   -8.1187821   -21.7738854
   -9.6249847    26.6014987
  -15.4267710    28.1642539
   -4.7469664    19.6226958
   -6.5745169    27.6623195
  -13.6332731    36.2303721
  -12.5632471    31.4069598
   -7.1462102    22.6807313
  -35.5492875    31.2724320
  -34.4034683    28.2007491
