 -14.5222588  -16.9651946
 -24.0380202  -13.2977113
 -58.2391238  -32.9717596
 -32.9848794  -26.8457732
 -33.7518726  -25.1594034
 -17.2608620  -14.8734526
 -18.8400753  -10.2218214
 -22.6583836   -6.6832233
 254.2371086  532.2601399
   2.6014155    0.4022570
  10.5288246    6.0654307
 -16.3056283   -4.6411042
  16.3482294   16.8111151
  -6.8091241    3.5415816
   0.1435888    1.5044551
 -22.1044247   -4.0215535
 -27.7296656    5.1093871
 -24.5601752   -9.4641003
 -20.8972553  -10.6831261
 -21.7413699   -2.2912908
 -24.6027793  -10.5637249
 -36.1081437  -18.8691466
 -48.0487640  -22.0138845
 -26.6882584  -13.8031753
 -51.5451324  -31.5829819
 -37.3222387  -17.1479179
 -45.6502389  -25.2112461
 -48.5301082  -17.4964191
1595.6036883  -66.7353052
   7.7154073  -27.3608886
 -15.6470648  -14.4810116
 -18.5059440   -9.0184601
 -15.2137937  -14.9429275
 -23.0841738   -6.3048840
 -27.1474209   -7.8612331
 -55.4437547  -29.9990061
 -28.1135380   62.9196640
 -16.1561265   67.4196382
 -18.7706293   67.5239358
  -1.0144639    6.8832773
   4.4565045   13.5674156
 -13.2523025   19.0433712
 -13.4557924   23.1166354
   3.3666783  -25.4412165
  10.1629030  -29.1226053
  10.8762382  -20.3626688
  -2.4766541  -35.4342585
 -16.2804107  -12.0096245
 -44.8407836  -33.3560382
 -18.2812526  -39.4471980
 -26.4893221   -8.3622461
 -24.3043986  -14.4419626
  -9.1425895  -14.6606983
 -29.4622176  -31.0868526
 -21.8369431   -5.4520660
  -7.6704297  -24.9660794
   1.9349452  -21.4066985
 -15.7657522  -21.0856727
  -6.1803837  -13.5783755
 -13.1585682  -18.5343107
  -6.3516239  -14.2488858
  -8.3098717  -22.6011304
 -43.0323387   15.7062103
  -8.8295290    9.2159103
  -2.6795084   21.8464217
 -16.3101271   27.3335652
 -13.1827739  -14.7442972
  -7.8159052  -11.7715636
  -9.3385389  -16.0979135
 -18.6875191   -7.8595516
 -15.6414874   -8.6459966
 -52.9581234  -31.7902142
 -20.1344320  -15.0789547
 -17.9999461  -19.4030938
 -20.5091581   -8.5411881
 -10.5737334  -22.8830881
 -22.8435971   32.7081823
 -25.0659424   27.8039073
 -15.4034728   56.0140637
   8.3970700  -33.3596843
  13.3856408  -25.1797050
   6.0831005  -21.3546128
-185.7450402  236.6434015
 -13.4076788  -16.5881578
 -12.6052951  -14.5859529
   0.3375320    1.9650556
  -7.0720906   -2.0110757
 -20.6689373  -15.1414284
 -21.0046562    5.8812817
 -30.4157401   14.0369414
 -15.5788761  -17.5409545
 -16.2676962   -8.6558015
 -21.2716061  -19.6776790
 -27.4618341   -9.1870435
 -20.6025301  -16.6923706
 -15.5931788  -20.0269722
  -6.6575941  -15.0013861
  -4.6135672  -14.4574317
 -11.5156144  -20.1772511
 -17.3958188   68.2404390
