-386.34346301  222.11953356
 -12.12721678  -34.00853948
 -20.76490296  -57.80226524
   2.44504149  -49.68317370
 -41.54599919 -111.68502886
 -37.34191993  -91.59813286
  11.02822293   11.76358512
  10.48884544    6.51135690
  11.76899428    6.18370549
   8.81020257   14.16724806
  -7.66106797  -46.68641674
  -3.06866851   50.55336698
  -2.51278165   43.30065305
  -3.59423577   41.86526020
  -8.72634007   41.90119026
   5.97157798   42.52437947
   9.13210976   65.59225032
   2.34985557   44.55621902
   6.44912788   48.33749033
  -3.05380312   37.12837576
  16.94572205   71.54427490
  -3.10549556   18.08112722
  12.69375729   62.10668776
  17.57618145   53.49157753
  10.68710707   42.00927354
  22.69308985   52.36349831
  20.57897502   57.79844830
 852.28267264    0.07060215
-298.10456419   41.17302652
 -24.77696758  -46.15742304
 -10.60372335  -47.09194928
 -45.55109507  -62.39522875
 -39.77005767  -34.52591799
   4.95293292    3.52650265
 -18.80246464  -12.04441117
 -18.77318374  -15.04781913
  -6.67806967    1.45993139
 -15.23384518   -2.57114516
  -0.20330143   43.16477141
  10.12571536   25.00327701
  12.28845906   19.69793113
   2.61874484  -34.03702245
  -1.16824616  -32.92023748
   3.81799505  -29.51306882
 -21.69648360  -60.64344892
 -40.20082755  -35.03222296
 -25.96837320  -34.61913159
 -28.65643362  -53.97470201
 -29.02549470  -41.33070141
 -21.45426476  -41.36658020
 -12.39129173  -43.86940280
  14.89304418    1.73594761
 -10.34085064   40.96090073
  11.25660171   65.86941112
  -2.27135368   31.79092630
   5.65686259   18.64855710
  23.75815241   58.44205144
  21.30169508   57.19411893
  12.47089893   50.38598723
  11.51602545   47.26683712
  30.88875830   49.73313769
   0.63984030   -8.21417365
  15.28235355   -1.76372571
  11.70523395   19.04301542
 -19.78123926  -55.28077433
 -11.26763233  -32.68291050
  -2.82788758  -35.56657188
  -4.05826791  -32.34301303
 -15.80178470  -44.71464845
 -25.98057698  -49.76114959
 -24.51975450  -55.33286527
 -25.25820736  -43.34672010
 -25.60953739  -40.71372795
 -17.62106697  -38.21973717
 -15.90727828  -34.10212682
 -25.95946904  -49.94466898
 -11.88377954   -9.46165414
  -6.53582691   10.89562846
  -8.94604097   18.64854903
  -5.43121226   42.83569759
   9.10574532   58.18960249
-927.22150376  537.28452310
  18.51217817   27.37214538
  12.39092598   55.12825608
  18.96771148   56.10287059
  17.46007767   56.58953713
  24.88666656   50.77557659
  38.88919015   57.96668808
  25.58946880   56.77011167
  11.90632783   18.18458551
  17.47984327   23.25109298
  20.33534995   11.28898920
   0.97835084    5.37650607
 -21.87331746  -38.30026730
 -14.38335447  -22.23967352
 -25.40136606  -36.43544081
 -23.33052019  -31.31628801
 -12.76635266  -51.25105667
 -23.15088171  -38.43142488
  -1.96321864  -38.46173917
   9.12269223  -36.49136506
 -21.11362912  -32.38145749
  -2.39739485  -64.32116530
 -38.76531882  -71.23416047
 -41.44267230  -46.23524161
 -51.25782024 -134.64957321
 -21.50777100  -37.26339269
 -26.38709629  -36.61586765
 -27.78711715  -37.23428140
   6.68048751    1.75771670
   9.91114542   11.44292195
  -1.64168805  -23.46937455
 -12.35084188   -0.78045963
 -15.26888224   -3.78091937
  -7.71871307   30.43187642
 -18.24496896    6.67586906
 -10.26691405   34.91764045
  -4.76070325   49.91753311
  -5.54513439   42.27318868
  -6.81988235   37.74276450
2475.36339683  229.71505335
  12.52897580   64.51932760
  11.43402025   50.29840587
  18.80277782   48.24552063
   9.27884572   41.80641154
 -21.56873994  -39.69441337
  -4.71914593  -33.21124643
  -6.35902114  -36.07092061
   8.07520008  -40.67400958
  -0.92576853  -23.47785651
  -5.23397544  -40.99443292
  -2.38225233  -48.49966588
 -28.75417991  -61.83434972
 -18.83240896  -47.31763248
 -24.07122442  -43.70008343
 -21.67986871  -29.61444061
 -20.18437604  -35.95039930
   3.18164068   -5.45087145
  10.67968500   10.99790552
   4.69877227   54.96140211
   4.14856841   26.57087000
  10.84990349   29.75498583
  15.71582779   23.69187837
 -11.28599459  -35.06792423
   9.42635057  -53.10590804
  -5.18013764  -44.14232016
  -2.66239568  -46.00356776
  -7.07989266  -46.93540884
  -6.58097858  -51.64476949
 -40.42129936 -106.97675747
 -21.95603177  -53.05021985
 -27.24695226  -59.49786615
 -20.48871348  -34.15900445
   7.61587632   10.44062091
   9.55523798   12.94025431
  12.63539819    5.67151640
   5.28479812   -3.93800186
   4.78449349   -4.10563799
 -18.32325471   31.83273301
  -3.77370964   45.86022465
  17.69918734   16.83213131
   8.25243763  -12.50133755
   1.91928358  -29.38324710
   9.94959043   22.69455273
   5.21719718    3.83300183
  11.45185509   21.77803293
 -22.89154544  -42.25898232
  -6.51285027  -39.13334759
  -1.91928969  -23.80075799
 -12.99479507  -28.55002576
 -13.20664009  -37.18993926
 -23.04274938  -29.83127210
 -28.60280533  -56.28234146
 -16.85710177  -42.49973989
 -24.47111832  -40.86118412
 -14.05369724  -48.50421379
 -19.02820629  -33.89470721
   9.24817290   11.95758458
  20.45412894    9.82863391
  -7.50214148   37.13597370
  12.01937559   27.11791139
   5.01680132   20.41916756
   6.09579304  -17.80663606
   8.47846683    5.11854359
  14.54999804    3.77985376
   7.35709417  -15.96551585
   2.57890116  -14.79960077
   9.72531652   26.03752371
  13.15557911   22.28592145
 -22.13060547  -52.16608448
 -22.81807107  -39.31249073
   2.24218295  -47.27124930
 -22.98534502  -44.02591127
 -19.15491512  -35.55431815
-857.71886006   91.30271378
   1.16574663   16.39943671
 -12.48086520   16.52385981
   0.71575215   43.87847846
   2.38814634   34.71184064
  19.32360177   57.82761994
