 1.030744e+01  7.362393e+00
 1.694762e+01  1.215574e+01
 7.456606e-01  1.076095e+01
-1.225811e+00  6.261411e+00
-1.232181e+01 -9.823259e+00
-2.115907e+00  1.860572e+00
 1.762841e+00  1.101009e+01
-4.001816e+00  1.313396e+01
-2.832244e+00  1.079691e+01
-1.436846e+01  2.131017e+01
-1.137093e+01  1.743998e+01
-3.530911e-01  2.729556e+01
-7.992176e+00 -1.010335e-01
-1.384475e+01  2.177343e+00
-2.110858e+01 -4.055592e+01
-2.820702e+01 -5.004310e+01
-2.219308e+01 -3.665738e+01
-2.364471e+01 -4.891549e+01
 2.569916e+00 -2.056291e+01
-1.704783e+00 -2.425781e+01
 2.116318e+00 -2.067500e+01
 2.417073e+01  1.745867e+00
 2.449719e+01 -8.765492e+00
 2.613500e+01 -8.561864e+00
 2.085610e+01  1.035992e+01
 3.811265e+00 -5.411321e+00
 1.596054e+01  5.341314e-01
 2.053009e+01  1.678017e+00
-5.139113e-01 -8.814253e+00
 2.437900e+01  7.723264e+00
 3.280930e+00 -3.269411e+00
 1.728824e+00 -7.417322e+00
 6.339884e-01  7.362317e+00
-1.411348e+01 -7.086755e+00
 6.536488e+00  1.513655e+01
 2.376113e+00  1.361467e+01
-5.570863e+00  3.711776e+00
 4.181147e+00  7.332557e+00
-4.478900e+00  3.106477e+00
-1.390911e+01  1.454672e+01
-5.517363e+00  1.399512e+01
-1.094488e+00  4.871581e+01
 6.741022e+00  5.073924e+01
-1.669335e+00  4.318975e+00
-1.107394e+01 -1.555382e+01
 2.092890e+00  2.517551e+00
-2.447521e+01 -4.624011e+01
-2.727641e+01 -4.798965e+01
-2.457439e+01 -4.574965e+01
-1.703286e+03 -5.163680e+02
 1.217562e+00 -2.024062e+01
 2.618601e+00 -1.948966e+01
-6.169126e+00 -1.992832e+01
-9.972330e+00 -1.909731e+01
-1.446574e+01 -1.667342e+01
 2.842648e+01 -1.192157e+01
 9.413689e+02 -2.750539e+02
 4.408644e+00 -2.660112e+00
-1.389559e+00 -8.003803e+00
 6.233359e+00 -4.243136e+00
 3.811719e+00 -5.027784e+00
 1.325662e+01 -2.264393e+00
 9.597185e-01 -6.830184e+00
 4.436695e-01 -7.474996e+00
-2.502243e+00 -1.570107e+00
-4.257643e+00 -2.493955e+00
 7.303595e+00 -4.407582e-01
 1.468609e+01  1.032408e+01
-1.910368e-01 -2.313801e+00
 5.861859e+00  1.069824e+01
 5.273569e+00  1.467380e+01
 8.947243e+00  1.565701e+01
-7.179993e+00  5.261191e+00
 2.359592e+00  6.773931e+00
-1.313095e+01  7.012853e+00
 3.849044e+00  1.335074e+01
 1.259801e+00 -4.901943e+00
 5.671351e+00  1.584003e+01
 4.124061e+00  1.384119e+01
-6.156572e+00  4.295228e+01
-5.651565e+02  7.380048e+02
-7.331276e+00  2.329565e+00
-7.703769e+00 -3.857992e-01
-5.809761e+00 -2.798545e+00
-9.173681e+00 -1.784145e+01
-1.956881e+01 -3.122923e+01
-2.104063e+00 -5.238304e-01
 1.742468e+01  1.306192e+01
 8.466513e+00 -4.719436e-02
-4.392360e+00 -7.762587e-01
 8.007153e+00  1.746356e+01
 2.095694e+00 -3.991373e-01
-3.288455e+00  6.019145e+00
 3.397031e+00  6.947424e+00
-1.607048e+01  1.535742e+01
-9.577947e+00  1.587327e+01
-3.819720e+00 -2.475730e-01
-1.462023e+01 -3.933041e+00
-2.909231e+00  6.671525e-01
-5.075763e+02  1.914188e+02
 1.337403e-02 -1.859155e+01
-9.458167e+00 -1.640191e+01
 1.146388e+01 -6.074264e+00
 2.829161e+01 -1.264653e+01
 1.830349e+01 -2.379688e+01
 4.441173e+01 -5.353929e+00
 2.750201e+01 -1.437170e+01
 2.682399e+01 -4.431986e+00
 2.525708e+01 -6.731881e+00
 2.470820e+01 -9.311417e+00
 2.732568e+01 -2.606864e+01
 2.659902e+01 -1.003045e+01
 2.214178e+01 -9.283423e+00
 2.971833e+01  5.187783e-01
 4.364773e+01 -8.234613e+00
 3.087254e+01 -2.416844e+01
 2.568540e+01 -9.080860e+00
 2.633280e+01 -1.189211e+01
 5.158991e+01 -1.417673e+01
 3.045702e+01 -1.889788e+01
 3.723316e+01 -2.116406e+01
 4.166574e+01  3.210998e+01
 1.215575e+00 -9.517616e-01
 1.499544e+01  1.033078e+01
 6.927328e+00  9.017977e+00
 1.379052e+01  1.053748e+01
 1.492735e+00  7.933526e+00
-7.901711e+00  6.848143e+00
 3.446901e+00  1.270637e+01
 7.690749e+00  2.060877e+01
 1.244315e+00  7.847114e+00
-2.326257e+00  4.952442e+00
-1.225839e+01  1.759334e+01
-1.433327e+01  1.649138e+01
-1.095518e+01  1.931187e+01
-1.311282e+01  1.801835e+01
-1.427274e+01  1.729143e+01
-8.919906e+00  1.761756e+01
-5.248855e+00  4.573166e+01
 8.526388e+02 -1.336999e+02
-2.102304e+01 -4.208209e+01
 1.647924e+00 -1.860962e+01
 2.505846e+01 -1.143460e+01
 2.280168e+01 -4.551432e+00
 2.690656e+01 -1.257148e+01
 2.202322e+01 -1.284585e+01
 2.753825e+01 -1.075000e+01
 1.999354e+01 -2.940207e+01
 2.800381e+01 -1.515456e+01
 3.356195e+01 -1.515811e+01
 3.116962e+01 -1.177366e+01
 2.481861e+01 -1.081357e+01
 3.263408e+01 -1.764834e+01
 1.404170e+01 -8.654617e+00
 2.097107e+01  3.108575e+01
-3.653692e-01  4.466818e+00
-6.989522e+00  5.776797e-01
 9.215713e+00  8.718770e+00
 2.995799e+01  2.464009e+01
 4.203665e+00  5.927741e+00
 1.765636e+01  2.717432e+01
-4.904292e+00  1.175226e+01
-2.767196e+00  7.700527e+00
-1.878068e+01 -2.124777e+01
 1.273066e+00  1.807960e+01
-8.766544e+00  2.387261e+01
-1.514957e+01  1.809796e+01
-1.639057e+01  1.244968e+01
 4.243621e+00  6.504992e+01
-4.933430e+00  3.558627e+01
 9.993311e+00  4.364137e+01
 7.637042e+01  3.977439e+01
 3.889853e+01 -2.004338e+01
 2.573427e+01 -8.863249e+00
 3.174973e+01 -1.112208e+01
 1.442009e+01  7.084508e+00
 1.689801e+01  1.112455e+01
 1.334381e+01 -1.588616e+00
-3.276573e+00  2.594019e+00
-3.335633e-01 -1.300377e-01
 2.106663e-01 -1.032441e+00
 4.476610e+01  4.862016e+01
 7.419569e+00  7.639057e+00
 1.068294e+01  1.001919e+01
 4.247592e+00  7.532646e+00
 1.250572e+01  4.797126e+00
 6.838927e+00  8.686852e-01
 7.311105e+01 -1.133353e+01
-2.764331e+01  2.333199e+01
-1.584927e+01  1.971005e+01
-6.330937e+00 -6.080200e+00
-5.323500e+00 -1.396385e+00
-1.856608e+00 -3.612875e+00
-8.298137e+00 -4.271056e+00
-2.378744e+01 -3.300287e+01
-3.769770e+00  6.743517e+00
-1.648384e+01 -1.710299e+01
 1.770766e+00  3.117264e+00
-1.988920e+01 -3.989080e+01
-3.294704e+01 -5.031745e+01
