  14.0214952   17.4296645
   7.9595289   17.1151764
 -13.0844092  -14.3135035
  -3.7061210  -12.7855754
  10.0204171  -27.6581240
  -3.9310678  -13.1472882
  17.4415495  -26.2905215
  -4.7825513  -14.8348010
  -1.2264379  -19.0105822
  -0.0117795  -24.5275266
  -2.1529540  -47.9464425
   9.8003157  -55.5972279
  22.9453747    2.8436241
  14.3300260   -4.0828865
  17.0137400    5.2798427
  27.4911981   16.1457965
  22.2493143   55.0878108
  23.3931002   48.7542832
  15.2141277   48.2361195
  22.4222870   48.4837153
  22.1036862   39.6788497
  29.7828410   37.4593961
   5.1557721    9.0416183
   2.9600271   12.9182373
 -22.9325077  -63.2845612
 -44.9468302  -44.2769783
 -44.3223612  -42.2909511
 -44.3669110  -41.0811485
  19.4194376  -42.1868625
  16.1214209  -41.5793327
  20.5857381  -40.0276274
   9.1297347  -14.6932518
  31.4115233   35.6653765
  13.9725053   48.5302317
  17.7581542   33.5586389
   7.8614281   36.7868009
  -7.9498379  -26.4178982
   4.5187492   -0.7124522
   5.3296661  -23.7706543
   7.4753873  -11.0416482
  -4.8522919  -24.0928312
   5.3912264   -6.4951682
 -15.3415672  -61.5021870
 -10.0359024  -54.2735337
  -5.9786388  -52.5226346
   0.6934743  -65.1036291
  12.4324083  -52.7808702
  10.0367663  -27.8975898
  19.4109616   16.9617778
  28.2191784   43.4738219
  27.6920562   41.4117831
  37.6460639   45.0719060
  32.1040708   33.8027788
  13.8579920   49.1655152
   7.2984795   39.8131060
  16.0075898   57.0603713
  26.7858583   58.4039975
  27.6452852   61.9136789
  17.9773941   56.2598280
  15.2437348   47.1634064
  15.6313463   37.2704959
  17.5781494   36.8010600
  25.1913684   37.1716349
   7.9848715   36.5985912
   5.3073664  -27.9195998
  -5.7692893  -20.4024093
 -12.1083247  -52.2927890
 -41.8400353  -47.3694688
 -45.8606140  -39.8812999
 -44.5869539  -47.9103537
 -44.6705949  -41.2485172
  -4.7943546  -50.3188465
  19.5863431  -79.0202833
  -7.0316056  -53.3926883
  -5.8606576  -49.1008435
   4.2672654  -53.5145858
 -10.1915673  -46.3343470
   2.2994852  -50.6529451
   7.2503243  -18.1631990
  41.9765962  -19.8650285
  15.1402753   32.7639864
  28.4825609   45.4473194
  14.5820186   33.0620484
  22.0890910   43.7055783
  12.6787883   35.3574018
  23.4539888   31.3940942
  29.3568494   43.8669232
  41.5167076   31.0922985
-467.8332893  330.3599503
  11.3761205   11.9658801
   8.9145699   16.1603402
-100.5699024   54.7458887
   3.3044343  -17.1105903
   0.4752659  -12.2250420
   4.2783162  -27.8475359
   1.9298794  -11.4617450
  -2.5417861  -20.1663284
  -1.5000345  -19.3612960
   2.7406658  -16.7126741
  -3.5419797  -19.3533544
  -6.4722450  -16.0470639
  -0.8586864  -21.0653720
 -10.9554465  -20.5080157
   0.7492330  -17.7760782
   1.8298804  -28.0991342
  -3.6321375  -20.6428355
   3.6192280  -30.7652894
   5.3847778  -13.5280699
 -46.6840474  -46.1768761
 -46.1432083  -45.9500375
 -31.8138919  -56.3945116
 -45.9803656  -47.9331261
-911.7338482  -84.2482715
 -12.7581666  -57.1040743
   9.8501498  -71.2717012
  -6.1828561  -65.2259468
  10.6852441  -70.7876011
  42.6093270  -47.4161921
   9.8972055   -8.2379631
   7.1786965  -28.4629049
   6.3998123  -18.5133461
  19.6995559    6.2403020
  20.5919816    3.6375887
  21.3980377   16.6139640
  16.9508241    2.4980845
  18.7800696   10.6654826
  17.2162773    5.9551128
  23.5480915   40.7132020
  18.9986549   51.4310251
  16.6053529   50.8312194
  16.7554664   52.4768273
  31.6793610   59.9292674
  35.1120988   26.2652910
  12.3468047   32.6325380
   3.4332823   30.9112696
   8.7452484   36.3243240
  11.6237568   34.4440052
   7.7242445   31.2103442
   8.3153542   38.6643526
  39.4683935   83.3825603
   8.8937546   16.7720643
   1.6787849   18.9275413
   6.2545243   14.0010215
   3.6580854   24.7578832
  -1.4604689   11.7053957
   7.0035503   17.5329449
   9.5294602   12.1530779
   9.8012784   16.5734888
   9.0626090   14.5099950
  11.9958397   11.1811522
   9.4704554   19.0811429
   1.1444713  -19.4192064
 -13.4577206  -75.8441547
 -34.9207784  -28.8183434
   2.7749575  -48.5716665
  -8.4629301  -47.9576533
  13.3288486  -38.7908992
   8.3854172  -23.1156487
  10.0819564  -23.3603630
   8.5308592  -27.9966337
   7.6051786  -29.3915727
  18.6978394   53.2528677
  18.6500441   52.7364180
  17.9829716   49.6331653
  33.5660140   61.8017549
  -1.4195896  -27.3848065
 -11.7349494  -80.9580756
 -34.7338920  -57.5158690
  -3.2308369  -58.5192661
  -1.0307799  -69.2003995
   7.1368736  -16.4847401
  28.2243522   34.4936822
  26.7261731   32.3724176
  24.7586949   38.8847186
  27.5971637   32.5524672
  12.1607091   50.3499721
  14.4596348   43.9886167
  15.4891584   36.0636612
  24.7089657   38.1695663
  20.1210941   35.7723958
  57.3015902   57.9564007
  14.5480945   38.9575980
   3.3377620   29.6095145
   6.5242262   35.9660707
  15.1745655   40.3774572
   9.6047635   40.0472915
  10.4844011   39.6726559
  24.1881526   15.8338180
   5.7866015    6.0273987
  17.8420295   16.2988794
  -6.9163953  -74.3693306
  25.4925084  -49.5578865
  16.5587130  -46.9295453
  10.7146186  -49.5557257
  14.2008775  -35.3807570
  15.8654950  -42.4498631
   9.3310457  -18.8333775
   2.9746578  -20.2835716
  24.6632409   32.0216974
  13.9131921   38.5522285
