   6.0312326    4.1171733
   7.8579312   22.3140510
   4.9745030   -1.1548145
  23.6077409  -17.1434104
  -6.3238662  -73.0379539
  34.7577905  -67.2277267
  -7.6436232  -32.5575392
  -3.6340674  -28.4340875
  -2.4290954  -18.2413074
  -4.6139622   26.7286247
  -0.8588399  -32.0421896
   7.2917695   46.4740395
  12.6910653   45.4931149
   9.3205384   67.8159993
  11.8520354   47.3816345
  20.7258602   58.0219594
  21.2281194   45.9832040
  25.5894706   84.1112919
   0.5552567   57.6274457
   9.2859245   20.1747789
   8.5373053   14.2008210
   7.7790231   11.2807788
   7.4276427   25.3004434
   5.1126997    7.5097977
   9.8993364   26.2884477
   3.4425143   59.4208842
   7.2723164   25.2972462
  11.9908946   -1.8562202
   0.9664320  -66.6674132
  -1.7544036  -69.8523246
  -3.7668478  -66.9902825
  10.5617734  -23.1314247
   1.0970687  -46.9072489
  -2.4003753  -20.5641551
  -9.7855959  -24.2498981
  -7.3656902   10.3609589
  -0.3174032   50.8960920
  14.9960870   41.6165335
   6.0185524   73.9399658
  23.2813573   50.3883831
   7.8012897   39.9904942
  40.9947783  -39.3056873
  37.4804291  -69.8848178
  34.9644129  -67.3721324
 -15.3002675    3.8728845
 -14.4716719   13.2338171
 -12.1575825    3.7478187
  -8.1750062    8.7216447
 -12.6581626   -6.2717379
  -8.6257202   25.9689967
  -2.8397922   30.3270642
 -17.1190210   27.2279346
   1.8946560   50.8774635
  27.0706093   30.7653913
  13.6985143   67.1961988
  10.5804965   41.9497510
  13.5740031   73.6679800
  11.0535408   21.5747413
  16.3448811   54.1719492
   5.6755193   31.8516080
   4.6614380   41.8444234
   8.8280074   12.6602588
   5.0194659   10.6399744
   6.5923563    4.3561956
   3.7729940   -6.5251418
   6.6326259  -25.8735471
  10.8168366   59.8557508
   9.9081018    8.9959790
   6.5744600   -3.8835706
   7.8904862    0.7110927
   7.3548703  -15.9128778
  36.3818393   16.4886378
  34.4393891  -74.0461205
   0.4874586  -82.0650187
  -6.9041164  -40.7672494
  21.4620643   25.2205947
  -4.2676201  -70.4261363
  -5.9509699   24.0727982
 -25.9720708   66.4723582
   7.0732959   21.1147186
   4.9376736   24.2229708
   4.4559345    9.0458942
   9.5615359   42.7580312
  21.8561990  -24.7248873
  33.7688326    2.7076316
 884.7140925 -423.1847958
-881.5481337  -88.7708099
   3.8546463   66.7203527
   3.4494085   50.8021283
   8.4449633   32.2928098
  12.8217403   53.4598171
   8.7392902   23.0164456
  13.2814385   27.3238773
   1.1424060   47.1406720
 105.1248288  -10.7394104
  25.9321415  -12.1237631
  22.2315129  -29.1905570
  26.5979517  -15.6098884
-835.8683390 -350.0187440
  -1.3434134  -73.0579301
