-1.942980e+01 -1.772335e+01
-6.606957e+01 -2.636728e+01
-3.528527e+00 -1.642076e+01
-1.911883e+00 -5.812118e+00
-6.290839e+00 -1.134535e+01
-2.380511e+01 -2.648454e+01
-1.815677e+01 -2.518389e+01
-2.304595e+01 -2.720350e+01
-2.161362e+01 -2.993538e+01
-2.225248e+01 -2.668400e+01
 8.686845e+00 -1.263338e+01
 7.391966e+00 -1.667091e+01
 7.766060e+00 -1.961072e+01
 6.326017e+00 -1.102750e+01
-1.672308e+01  2.767983e+01
-1.335103e+01  4.068865e+01
-1.022053e+01  2.736337e+01
-8.035247e+00  2.479393e+01
-6.016171e+00  4.236336e+01
-1.064128e+01  2.345531e+01
-9.639555e+00  2.750422e+01
-1.375181e+01  2.953543e+01
-1.670242e+01  3.397140e+01
-1.383233e+01  2.890445e+01
-4.975481e+00  2.828569e+01
-1.021339e+01  2.497146e+01
-6.730816e+00  2.347201e+01
-3.934686e+00  5.622998e+01
 6.245227e+02  4.968209e+02
 3.347228e-01 -7.019603e+00
-2.372941e+00  9.427619e+00
 2.082564e-02 -1.076130e+01
-1.361982e+00 -1.723375e+01
-9.285246e+00 -6.220975e+00
-6.264338e+00 -2.645280e+01
-1.598131e+01 -1.405249e+01
-1.823992e+01 -1.317010e+01
-1.590803e+01 -2.996727e+01
-1.559641e+01 -8.148235e+00
-4.029944e+00 -1.310238e+01
-2.063823e+01 -2.447879e+01
-1.220886e+01 -2.197371e+01
-9.230165e-01 -2.683834e+01
 4.293106e+00 -4.145363e+01
 1.132424e+01 -4.987402e+01
 1.391334e+01 -4.424840e+01
 7.763424e+00 -4.343932e+01
-8.298532e+00  2.352103e+01
 4.166372e+00  7.658858e+01
 3.452154e+00  5.514127e+01
-1.530475e+00  3.410852e+01
 7.283134e+00  3.047199e+01
 1.739620e+00  3.426142e+01
-2.107400e+00 -1.445440e+01
-6.014025e+00 -2.684019e+00
 8.217964e+02 -2.835869e+02
-7.233305e+00  2.345261e-01
-1.574398e+01 -6.690976e+00
-2.033192e+01 -8.111539e+00
-1.927256e+01 -1.372460e+01
-1.184639e+01 -9.780283e+00
-7.616277e+00 -1.330564e+01
-3.476026e-01 -8.567460e+00
-1.393509e+00 -1.144224e+01
-7.660484e+00 -1.795229e+01
 3.326623e-02 -1.969525e+01
-3.301603e+00 -1.455067e+01
-7.334906e+00 -2.595716e+01
-3.974975e+00 -1.085199e+01
-1.547277e+03 -1.510138e+02
-1.535926e+01 -2.937206e+01
 6.641497e+00 -4.864184e+01
 8.398151e+02 -3.698274e+02
-6.314112e+00  2.694866e+01
-3.953298e+00  2.039028e+01
-9.694635e+00  2.697174e+01
-7.055090e+00  2.228102e+01
-6.645972e+00  1.966622e+01
-2.381238e+00  2.201152e+01
 3.229894e+00  2.600171e+01
 3.527339e+00  5.503186e+01
 1.986537e+00  4.686418e+01
-1.042047e+01  7.639185e+01
-1.327727e+01  7.331703e+01
-6.190161e+00  7.223463e+01
-5.334355e+00  6.506144e+01
-6.524656e+00  6.861865e+01
-1.632835e+01  4.423701e+01
-2.453674e+01  2.523282e+01
-3.444074e+00 -4.522131e+00
-1.557772e+01 -9.228621e+00
-1.147761e+01 -8.888634e+00
-2.240110e+01 -2.064545e+01
-1.760497e+01 -1.325588e+01
-1.165967e+01 -9.922479e+00
-8.870693e+00 -1.574085e+01
-3.701732e+00 -2.234834e+01
-2.112337e+01 -3.149117e+01
 4.280317e+00 -1.740444e+01
 4.549364e+00 -5.859289e+00
