-2.398622e+01  2.063026e+01
-5.083662e+02 -1.285094e+03
-2.921652e+01 -4.277586e+00
-2.216377e+01 -1.216969e+01
-2.893047e+01 -1.143836e+01
-1.052182e+01 -2.240375e+01
 4.387068e+00 -1.319239e+01
-6.166269e+00 -1.394370e+01
-1.535152e+01 -1.049962e+01
-1.463086e+01 -9.510422e+00
-5.256601e+00 -3.073550e+00
-9.584729e+00 -2.287141e+00
-4.428372e+00  1.680228e+00
-6.332203e+00 -3.432629e+00
-9.739831e+00 -6.313525e+00
-7.156846e+00 -3.445460e+00
-1.061757e+00  6.550699e+00
-7.733852e+00 -4.842300e+00
-2.289464e+01  1.416571e+01
-1.459881e+01  2.258993e+01
-1.210121e+01  1.850307e+01
-1.025592e+01  2.159520e+01
 1.127859e+03  3.860745e+02
-2.442958e+01 -2.637797e+01
-1.046476e+01 -2.618379e+00
 9.748828e+02 -6.478091e+01
-2.153050e+01  1.825661e+01
-6.978541e+00  1.336036e+01
-1.244769e+03  9.860768e+02
-2.705873e+01 -1.143460e+01
-2.429175e+01 -9.719974e+00
-2.867169e+01 -1.112481e+01
-2.951605e+01 -6.541648e+00
-2.369427e+01 -1.762389e+01
-2.526374e+01 -5.857900e+01
-3.927895e+00 -1.195845e+01
-6.404931e+00 -1.507439e+01
 5.378727e+00 -2.748276e+01
-6.173696e+00 -3.633126e+01
-3.880638e+00 -1.574137e+01
-9.799290e+00 -1.762964e+00
-7.246672e+00  3.238394e+00
-6.996213e+00 -7.131261e-01
-8.550494e+00 -4.623330e+00
-9.208976e+00 -2.144909e+00
-8.304970e+00 -2.785094e+00
-5.677316e+00  1.061744e+00
-9.087057e+00 -2.789051e+00
-8.804233e+00 -4.240020e+00
-1.549241e+01  1.769776e+01
-1.130003e+01  1.846657e+00
-1.361947e+01  1.041974e+01
-2.688235e+01  6.193220e-01
-2.631256e+01  4.584039e+00
-3.565474e+01 -8.036834e+00
-2.747024e+01 -1.351653e+01
-1.316443e+01 -1.899823e+01
 5.782745e+00 -2.813129e+01
 4.680635e+00 -4.019831e+01
 1.011060e+01 -2.581429e+01
-1.301829e+01 -1.880915e+01
-1.082861e+01 -1.967718e+01
-6.336517e+00 -1.589682e+01
-9.061056e+00 -7.766206e+00
-1.287704e+01 -1.248714e+01
-2.106310e+00 -7.918410e-01
-7.682771e+00 -1.049366e+01
-1.692850e+01  2.316172e+01
-9.385818e+00 -4.308391e+00
-5.841767e+00 -4.540405e+00
-4.703432e+01 -2.652083e+01
-2.825735e+01 -1.833070e+00
 1.592122e+00 -2.815799e+01
-9.472114e+00 -2.011762e+01
-1.057126e+01 -2.551970e+01
-3.745835e+00 -2.083881e+01
-3.050323e+00 -2.081678e+01
-4.283797e+01  5.564981e+00
-3.496301e+00 -2.198624e+01
-3.209677e+00 -1.413427e+01
 2.654390e+00 -1.520050e+01
-2.712173e+00 -1.985653e+01
-1.020054e+00 -1.048972e+01
-2.545280e+00 -1.907868e+01
-7.742036e+00 -6.039029e+00
-8.598026e+00  1.920530e+00
-1.680480e+01  4.206669e-01
-1.706114e+01  1.849559e+00
-1.428361e+01 -1.268201e+00
-9.756687e+00  4.813169e+00
-1.271226e+01  1.223655e+01
-1.442826e+01  7.757342e+00
-2.092936e+01  1.188982e+01
-1.096156e+01 -1.682757e-01
-6.720321e+01 -4.530997e+01
-2.836767e+01 -1.960692e+01
-3.312185e+01 -9.949605e+00
-2.312049e+01 -1.412173e+01
-2.116071e+01 -1.528727e+01
-2.908581e+01 -1.282440e+01
-1.235464e+01 -1.736295e+01
-5.965744e+00 -1.827701e+01
 4.311848e+00 -2.664868e+01
 1.135799e+00 -2.993088e+01
-5.555975e+00 -2.986636e+00
-9.242197e+00 -4.778743e+00
-7.339414e+00  2.295811e+00
-6.757193e+00 -4.542463e+00
-1.006042e+01 -4.909492e+00
-1.102507e+01 -4.772902e+00
-7.978437e+00 -5.785541e+00
-9.234732e+00 -2.898530e+00
-1.021268e+01 -3.644181e+00
-1.700353e+01 -1.582498e+01
-1.619171e+01 -2.256254e+01
-5.178850e+00 -4.069500e+00
-9.918692e-01  1.474267e+01
-7.247607e-02  1.436264e+01
-6.660153e-01  1.112806e+01
 3.903409e-01  5.797236e+00
 6.169304e-01  1.232181e+01
 9.510499e+02  2.067291e+02
-3.988979e+01 -2.726268e+01
-4.259704e+01  2.090760e+01
-2.272988e+01 -1.921303e+01
-6.605950e+00 -1.872928e+01
 4.553815e+00 -1.945539e+01
-1.334286e+01 -2.420802e+01
-7.097710e+00 -2.439879e+01
-5.082011e+00 -2.310850e+01
-1.669942e+00 -2.211412e+01
 1.300716e+00 -1.399523e+01
 1.292958e+00 -1.529592e+01
-2.928067e+01 -8.098717e+01
-1.261309e+01 -1.753665e+01
-6.447497e+00 -1.209088e+01
-1.273736e+01  1.823391e+01
-1.546447e+01  2.400486e+01
-1.512860e+01  2.193889e+01
-2.316485e+01 -2.804076e+01
-1.095274e+01 -1.441370e+00
-2.596081e+00  1.498583e+01
-4.564484e+02  6.745175e+02
-9.425172e+00 -1.481675e+01
 2.774438e+00 -2.909489e+01
-7.507602e-01 -4.138253e+01
-9.527732e+00 -8.101201e+00
-1.071679e+01  5.767297e+00
-1.084291e+01  1.673272e+01
 8.881859e+02  1.880033e+02
-9.994824e+00 -6.495203e+00
-1.853372e+01 -8.496711e+00
-1.000512e+01 -8.999024e+00
-1.487146e+01 -4.771371e+00
-1.994100e+00  1.362564e+01
-8.532554e-01  1.254254e+01
-5.779485e+00  9.044611e+00
-1.967822e+01  1.303166e+01
-2.114869e+01  8.854450e+00
-2.191672e+01  1.872040e+01
-6.412999e+00 -8.463768e-01
-2.203174e+01  1.082408e+01
-2.458630e+01  1.643055e+01
-2.511612e+01  1.723964e+01
-5.476173e+01 -5.621399e+01
-2.915843e+01 -4.078166e+00
 8.441951e+02  1.533889e+02
-2.907678e+01 -1.465443e+01
-3.237191e+01 -6.859568e+00
-2.618484e+01 -1.346913e+01
-3.414031e+01 -6.052391e+00
-2.397636e+01 -1.777517e+01
-2.458372e+01 -1.548041e+01
-3.431295e+00 -3.087862e+01
-7.626445e+00 -1.867796e+01
 3.766904e+00 -3.636871e+01
-1.996947e+00 -1.301211e+01
-1.290294e+00 -1.374239e+01
-2.363487e+00 -1.752912e+01
 5.767933e+00 -1.944845e+01
-1.340835e+01 -2.564194e+01
-1.042606e+01  4.473642e+00
-1.838192e+01  1.639798e+01
-1.476629e+01  2.408626e+01
-1.402400e+01  2.050781e+01
-8.391194e+00 -1.362066e+00
-2.301043e+01  1.744117e+01
-1.089082e+01  1.718223e+01
-2.526731e+01  8.367150e+00
-1.855530e+01  8.825206e+00
-8.062592e+00  4.304828e+00
-2.016119e+01  7.050038e+00
-1.280578e+01  1.389425e+01
-1.500473e+01  7.222991e+00
-4.158514e+01 -2.496990e+01
-2.916325e+01  9.450005e-01
-2.785590e+01  4.106983e+00
-2.014848e+01  1.956324e+00
-2.848244e+01  1.270045e+01
-2.298875e+01  8.565668e-01
