 -12.5467029   13.9375669
  -6.6974833    7.5930563
 -10.2870135  -16.8555059
 -14.2202251   -9.6734263
 -21.0199821   -8.2126014
 -12.3761216   -6.9952371
 -17.6055598   -9.4788663
 -11.8409468   -1.1267532
  -3.8044291   -5.4904321
  -9.2742321   -8.7605185
 -33.2730938  -50.9419018
 -36.2869244  -56.3395782
 -29.3810690    1.4589971
 -21.6756346   -8.0515014
 -20.7922613   -8.3813336
 -16.7489823  -11.5361361
 -17.1294049   -8.8038596
  -5.1674772   -8.4081099
-554.4718214  873.6686331
   1.4451425   47.5066206
  -2.6870713   32.5618965
  21.5945921   43.9607360
  -9.3978382   13.5043490
  -3.0242558   19.2635380
  14.2659698   15.8557049
  -6.0190875    9.3299883
 -10.3663587   14.0739484
 -11.8334897    6.8720218
  -0.7055426   13.5712143
  -9.2542117   13.6160641
  -7.6441129   -7.3408682
 -10.0428021   -9.3388406
  -1.9742657   -7.6047882
  -6.0396665   -4.0578943
 -10.4368649   -3.9562147
 -13.9859619  -15.3988279
 -11.8848020   -3.6251350
 -13.5123791  -10.5942967
  -1.8649384  -14.7079572
  -3.3982988  -13.8567075
 -13.9284190   -6.3709074
 -16.1942505   -9.3825891
 -16.9555164  -11.7821715
 -13.7847223  -11.8335992
 -33.3512404  -50.5476384
 -30.0038661  -47.6470126
 -20.5456022   -3.2947489
  27.7442546    7.3771341
   3.9530107    1.0611462
  14.5022465   13.3630131
  17.0586936   12.0229166
  -3.3556560   21.0309954
 -17.8221186    3.4110081
 -20.5438356    7.7904012
 -29.2414287  -49.4237501
 -20.8004660  -10.1987895
 -19.7765009   -9.9971985
1927.5193926  -59.0825499
  -0.6184348   -1.5630107
   7.8803745   -2.9802492
  -9.8852596   17.1918109
  -7.4439324    4.5514617
 -12.1086973    7.2788181
  -8.7201109   41.7041036
 -11.7703295   46.9574260
   5.9782805   20.1775785
  16.0306029   13.6053715
   6.2769764   19.8021958
   7.8210398   12.9445756
   4.5341105    9.9129877
 -11.8476980   16.8536804
  -3.0220114   -2.7313104
 -18.5882447  -15.3085234
  -5.4796174   -5.7992452
  -6.8931786   -7.8510606
 -12.2366064  -12.1917295
   0.8467418  -12.7624566
 -12.2943300  -10.3836481
  -6.9103351   -4.9532856
  -4.1901699   -7.1617676
 -13.7995055   -4.5347911
 -10.8977984   -7.4307234
   4.5007261   -6.7990828
  -9.1310591  -10.2251109
  -9.3464530   -7.1170099
 -14.0605352  -11.8122337
-713.4187434 -819.8936004
  15.8388942   -0.1757781
  24.6306184    6.5189060
  18.9561426   12.4339129
  24.3743381    6.8107174
  26.5798628    6.8570901
 -10.1232905   43.7692641
   6.9284498   48.9549481
  -2.3662554    6.6865618
  -1.3214599   12.9118773
  -8.6962599   -3.6583692
  -9.3655636   -3.5123987
  -9.7782188   -6.1099754
  -9.9714262   -4.7006298
