  -12.6238455   -54.4233460
  -74.6767174    71.0323960
  -17.3749477   -32.1532875
  -31.6030985   -23.7218587
  -12.8946672    11.1078259
  -25.2903985    -0.3471271
   -5.3712582    10.4355282
  -13.0281250    20.6665171
  -23.6604980   -36.3883110
  -23.1700779   -21.3955247
  -27.9173618   -34.8206524
  -24.3886936   -33.3963524
  -28.2551212   -24.2097350
   13.7488242     1.7687732
   -4.2451990    23.9228572
 -560.0055154   919.0772816
  -18.8855536     0.1632618
  -17.1791861     4.1464782
  -18.4473837     2.5617125
  -20.0519768    -1.5631655
  -21.4411631     1.8124234
  -18.5908276    11.3631234
  -23.1261723    -3.8427304
  -21.5624050    -1.5632389
  -21.5298266    -2.6964915
  -24.6495183     4.4471417
  -13.5095685     2.4282181
  -16.6658263     4.9716650
  -20.5381899    -1.4035359
  -19.6060361     0.7869626
 -902.2453957   931.6362399
    6.0267318    -7.2187639
  -10.6686092   -10.3422659
  -13.0837038   -21.3926646
   -6.1304722   -10.4771480
   -3.9034281   -11.0477587
   -4.9532607    -9.7032958
  -18.2037016   -48.7245120
 2211.9476796    39.9763176
  -29.9510851   -18.7735578
  -37.2735906   -45.5501294
 -536.6597354  -409.2672226
  -23.9286866    10.0249768
  -28.6845572     0.4213335
   -7.8178787     4.2656651
  -20.2628822    -1.6679138
   -7.7372018     8.6536408
  -11.0105656     4.4568805
  -12.8828998   -56.3951583
  -21.9113618   -51.7202135
  -13.0442715   -26.5963860
  -30.3502263   -37.3615394
  -29.1582826   -32.0895075
  -27.6936657   -36.3581040
  -22.1211392   -32.4952911
  -23.6138891   -33.6137990
  -22.5290330   -25.6064180
  -24.3539485   -36.3631871
  -24.5115719   -34.1115452
  -25.5525462     8.4399507
   -0.6760511    25.3594159
  -22.6220009    21.8070768
  -21.8838629    21.5167169
  -21.3819076    21.2349321
  -23.9199405    11.6163898
   11.4793459    13.3701139
   -7.4594889    11.9287845
   -9.7529485     9.4324862
   -4.0088654    12.0844481
   -5.7417690    10.6552700
   -8.7542722    15.7623409
  -10.7121436    -6.7440010
 1266.4056984    19.5022474
  -11.0125581    -9.3836921
  -15.0829722   -56.1504925
  -21.4284257   -41.6403000
-1276.9782216 -1360.0914153
    6.9833065   -27.9673806
  -14.2190517   -27.7375098
  -16.6584144   -27.2213897
  -12.5344608   -26.8200016
  -11.9333717   -27.2923584
  -20.9770742   -23.0391946
  -10.2218249   -27.5082301
  -37.5219568   -45.9255962
  -21.0792598     1.7010512
  -22.0674872     9.6191776
  -22.8975214    -3.2049565
  -21.5202789     5.0008976
  -19.3407132     0.2645881
  -20.9407302     0.2025091
   -7.9455947    31.9360108
 -582.1891517  1010.8073478
  473.1816585   -65.9145820
   -8.2688990   -20.5664428
 1487.8118770   -76.0851679
  -15.6769488   -53.6818421
  -16.9601844   -51.8519367
  -16.2284819   -52.0631575
  -16.4615389   -52.6775895
