-1.325087e+01 -1.679297e+01
-2.152488e+01 -8.910634e+00
-1.327529e+01 -1.070247e+01
-1.320409e+01 -8.169362e+00
-1.031285e+01 -4.636903e+00
-1.069793e+01 -3.995396e+00
-1.189645e+01 -2.538647e-02
-1.761752e+01 -5.452950e+00
-1.193346e+01 -7.062783e+00
 6.569472e+02 -7.020997e+02
-3.113171e+01 -2.711138e+01
-2.313967e+01 -2.781193e+01
-2.490749e+01 -2.340501e+01
-2.147037e+01 -2.762551e+01
-2.103007e+01 -2.703830e+01
 3.955120e+00 -1.639467e+01
 5.523580e+00 -1.899255e+01
 7.133088e+00 -1.100458e+01
 1.144085e+01 -2.147525e+01
 7.871290e+00  4.330572e+00
 4.549210e+00  7.485534e+00
 2.223871e+00  1.143299e+01
-3.545655e-01  1.421949e+01
 8.453599e+00  2.636124e+01
 2.575944e+01  2.197321e+01
-1.059921e+01 -1.112565e+01
-1.626308e+01 -9.795475e+00
-1.580728e+01 -5.187795e+00
-1.520251e+01 -1.475197e+01
-7.560302e+00 -1.223991e+01
-9.218268e+00 -1.470772e+01
-1.129403e+01 -1.360744e+01
-1.213956e+01 -1.212172e+01
-8.892912e+00 -1.258821e+01
-4.594293e+00 -8.623001e-01
-7.750293e+00 -4.118373e+00
-6.545751e+00 -1.395129e+00
-1.515671e+01 -8.825832e+00
-1.357287e+01 -5.582863e+00
-1.350755e+01 -3.799456e+00
-1.244044e+01 -2.063831e+01
-1.408397e+01 -5.541645e+00
-1.653728e+01 -1.493907e+01
-9.979074e+00 -1.084706e+01
-1.149710e+01 -9.625657e+00
-3.857483e+01 -3.652149e+01
-3.177173e+01 -2.911846e+01
-1.936448e+03 -6.468218e+01
-1.354438e+00 -2.234101e+01
-2.395613e-03 -2.052155e+01
 2.744025e+00 -2.328337e+01
 5.129200e+00 -9.762854e+00
 1.534656e-02 -3.072368e+01
-5.400118e-01 -2.075242e+01
 5.309960e-01 -2.133717e+01
-3.080208e+00 -1.131374e+01
 1.419151e+00 -1.850327e+01
 7.405997e+00 -8.901391e+00
 6.443385e+00 -1.604820e+01
 9.199730e+00 -1.586852e+01
 9.557974e+00 -7.030097e+00
 6.315617e+00 -2.064061e+01
 7.032969e+00 -1.787773e+01
 1.414735e+01 -1.983075e+01
 1.316109e+01 -1.584520e+01
 8.484495e+00 -2.369063e+01
 8.049090e+00 -1.967118e+01
 4.107679e+00 -2.790804e+01
 5.360499e+00  1.302402e+01
 2.157410e+00  1.228118e+01
 2.041760e+01  2.113411e+01
 2.504419e+01  6.942165e+01
 7.929813e+00  5.561699e+01
-1.110613e+01  1.991006e+01
-6.551898e+00  2.094869e+01
-1.485334e+01  1.930409e+01
-1.564882e+00  1.738633e+01
-5.425422e+00  2.222219e+01
-1.750650e+01 -1.335497e+01
-1.073530e+01  1.635925e+00
-5.454919e+00  1.058832e+01
 2.842778e+02  7.424852e+02
-3.527426e+01 -3.282211e+01
-2.786898e+01 -1.060619e+01
 1.846202e+01 -5.872091e+00
 1.441332e+01  2.011144e+01
 4.414568e+00  9.183714e+00
 1.317416e+01  1.573101e+01
 1.004096e+01  1.215596e+01
 2.352142e+01  2.510540e+01
 2.291887e+01  2.297860e+01
 1.932532e+01  4.781658e+01
 1.559523e+01  4.928696e+01
 1.744075e+01  3.991355e+01
 2.359167e+01  5.068480e+01
 1.377114e+03  7.410596e+02
-1.149141e+01  3.323353e+01
-1.046745e+01 -1.240068e+01
-8.395027e+00 -2.986672e+00
-3.898073e+00 -5.707563e-01
-1.164289e+01 -1.243418e+01
-3.292227e+01 -2.954502e+01
-2.411684e+01 -2.381110e+01
-1.670413e+01 -1.398364e+01
-2.542056e+01 -2.476267e+01
-3.118592e+01 -1.573939e+01
 7.143690e+00 -1.998269e+01
 6.141690e+00 -1.555600e+01
 5.316349e+00 -1.865172e+01
 1.940313e+01  1.988664e+01
 1.265187e+01  1.953144e+01
 1.464500e+01  1.930249e+01
 1.720525e+01  2.109188e+01
 2.096624e+01  2.724250e+01
 1.670244e+01  1.466219e+01
 1.910879e+01  2.172320e+01
 2.093476e+01  3.071063e+01
 1.491000e+01  2.545442e+01
 1.451681e+01  2.702918e+01
 1.276153e+01  2.536606e+01
 9.288715e+00  2.735421e+01
 1.934011e+01  6.183542e+01
 1.534263e+01  6.735404e+01
-8.989281e+02 -3.172690e+01
-5.385702e+00 -4.124345e+00
-2.539386e+00  9.452047e+00
 1.788070e-01  6.533956e+00
-1.110553e+01 -1.197031e+01
-7.781111e+00  5.469569e+00
-7.125017e+00 -3.519573e+00
-6.898834e+00 -2.711806e+01
-2.936545e+01 -2.622748e+01
-3.024063e+02 -1.720993e+01
-2.825896e+01 -2.311575e+01
-2.995578e+01 -1.000016e+01
-2.161062e+01 -2.707455e+01
-2.818959e+01 -2.135250e+01
 6.550326e+00 -1.276117e+01
 5.712441e+00 -1.799103e+01
 6.811863e+02 -7.137854e+02
 7.340963e+00  1.735738e+01
 1.356154e-01  1.389224e+01
 1.562252e+01  2.284128e+01
-1.141702e+01  2.643690e+01
-7.739234e+00  2.369536e+01
-1.424119e+01  3.011856e+01
-1.120813e+01  1.857451e+01
 2.931544e+00  1.690110e+01
-1.489050e+01  2.391668e+01
-4.027273e+01  2.451111e+01
-9.488613e+00  1.855519e+01
-8.294484e+00  2.335905e+01
-1.472554e+01  2.239079e+01
-5.475528e+00  2.047892e+01
-6.552585e+00  1.936538e+01
-1.748659e+01  2.596246e+01
-8.875589e+00  1.967701e+01
-1.047990e+01  2.252759e+01
-1.541448e+01  2.228328e+01
-4.098002e+00  2.134055e+01
-5.650581e+00 -1.643275e+00
-1.235641e+01 -6.476679e+00
-1.379539e+01 -1.601870e+01
-7.900672e+00 -1.326002e+01
-1.669784e+01 -9.413777e+00
-1.274695e+01 -4.799464e+00
-1.312798e+01 -6.020377e+00
-1.871077e+01 -1.686069e+01
-2.394226e+01 -1.696588e+01
 6.464578e+02 -7.382075e+02
 6.103610e+00 -2.385647e+01
 7.584307e+00 -2.155606e+01
-7.262793e-02  1.177004e+01
 1.129450e+00  1.217126e+01
 2.667085e+00  1.580796e+01
 2.528412e+00  1.311835e+01
-5.407508e-01  1.497969e+01
 2.372480e+00  2.020349e+01
 7.302551e-01  1.458545e+01
 1.305081e+01  3.582176e+01
 4.170394e+00  1.596027e+01
 3.141821e+00  1.493429e+01
 5.759824e-01  1.137460e+01
 1.810211e+01  2.509396e+01
 1.851801e+01  4.314085e+01
 1.665700e+01  3.315282e+01
 1.235984e+01  4.703034e+01
 1.796977e+01  3.889841e+01
 1.671715e+01  3.347719e+01
 1.408101e+01  3.954410e+01
 4.748951e+01  1.013376e+02
 2.287899e+00  5.169323e+00
 5.504087e+00  9.314543e+00
-1.206794e+01  2.058118e+01
-9.588253e+00  2.171243e+01
-1.763641e+01  2.064336e+01
-9.516030e+00  1.606451e+01
-1.426690e-01  1.898778e+01
-7.912218e+00  2.050836e+01
-3.673720e+00  2.072667e+01
