  -1.1853071  -28.6727370
 198.0281091   21.1321503
 -50.8454878   55.7699081
 -14.0970031   20.1631232
 -25.9199325   26.2541511
 -38.4135919   12.7292205
 -36.4516645   10.8080249
 -39.4915990   13.9873642
 -28.4241659    3.1427878
 -46.2873966   16.9038347
 -41.1536727   11.8660139
 -29.5315826    6.7786765
 -44.1991968   11.4805432
 -42.0132350   11.7778750
 -33.3293421    4.4211364
 -39.2050104    9.0319532
 -56.5097959   25.6384342
 789.8539277  366.2067039
 -46.5555579    3.2006392
 -34.2447811   -1.9479092
 -35.8661681    2.6961660
 -32.5191330   -6.4854487
 -37.2467281   -0.7388218
 -38.6819341    2.0361841
 -36.1189512   -0.7527353
 -34.9129192   -2.4169095
 -36.5539499   -0.9616412
 -37.8218500  -13.1497047
  -5.6540045  -24.9007040
 -12.7451073  -21.4768344
 -22.3048010  -16.9882515
  -6.7957639  -28.7105029
 -24.1730851  -11.6510290
  -5.4353268   12.6797518
 -21.5924909   24.8982278
 -15.7101833   22.4816666
 -16.1600208   24.3549016
 -14.2212625   24.3894782
  -3.2025085    9.2619059
 -24.4856407   24.6282181
 -22.1958258   26.7643471
 -16.6718958   22.6798805
  -1.0927046    8.8744612
 -25.2252745    9.2297653
   2.8592812  -36.8096124
 -31.7773135   16.0444517
 -35.9042381   21.3748109
 -20.0385639    5.1182885
 -10.7946131    3.1304348
 -37.1411428   12.5041809
 -16.6800707    7.0589374
 -34.9262293   13.4426182
 -26.4465381   18.1937256
 -39.6572549   27.5329686
 -25.9645582   11.7656764
 -25.7686154   10.5681450
 -33.3084757   14.4081143
 -32.8109318   18.8601293
 -35.9647283   17.4816518
 -36.0488573   18.2398546
 -35.2048333    5.1195673
 -37.1959956   10.8882713
 -42.8467621   16.8128046
 -40.9925027    9.8371554
 -39.1354509   12.6035106
 -39.9735753   13.5357780
 -40.8099951   15.5190632
 -40.5668116   13.1443926
 -50.0650570   18.5908443
 -47.7409931   21.1248264
 -39.1314638   15.3656131
 -46.5728384   12.2743509
 -51.4681271   22.8839809
-381.2953504 -917.9228057
 -34.1594921   15.5888661
 812.6244799  377.8897067
 -44.0623384   55.5735312
 -23.2270700    5.0902006
 -21.8297680   -2.7477505
  -6.0950988  -14.6850620
 -29.5804155   22.0686634
 -32.7770972   11.4040679
 -23.9545854    3.6550864
  -3.1174985  -40.1017429
 -33.7294418   16.6747596
 -27.2159799    4.0520110
 -18.8265244   -3.9733201
 -12.7484246    7.8949554
 -40.6336521   10.6227475
 -84.9171858   58.3026524
 -35.2742692   15.9030515
 -45.5501264    4.9491358
 -20.9914257  -27.6902852
 -25.8947693  -26.5403435
 -19.6484208  -20.0820611
 -15.4910553  -24.0384540
 -16.4827915   -5.1888550
 -17.4364468   -2.3447676
 -48.2556855   61.4571272
 -24.7319516    6.7299295
 -25.8341222    0.5951885
 -26.3550011   11.8838060
 -30.0484447   13.5972358
 181.1500604   80.2795791
 -31.4042313    8.0304499
 -46.2190839    5.8307936
  -7.4556658  -24.6527248
 -24.4065663  -30.6711386
-148.9597775 -899.8142653
 -21.2290528   14.8641667
 -14.1734455   22.0963628
 -57.0863103   36.5177913
 -22.4186269   -3.4085315
 -15.8684813    9.6029257
 -22.2794793    5.8181147
 -27.3046796   10.2851474
 -29.0326567   18.7480193
 -41.4752410    9.8296779
 -50.3422128   16.5214773
 -46.7828266   12.0655498
 -44.6944103    8.5421722
 -38.0192294   13.6139935
 -51.3245284   18.3084472
 -53.1350314    7.3744656
 -45.2010448    5.6399689
 -40.5318015    1.7488503
 -11.9052720  -21.7626360
 -32.3272129   -8.1430119
  -8.6252986  -28.6401872
  -8.2333559  -31.7095769
  -7.6969600   -5.1878686
 786.4335808  473.9669183
 -41.6110219   12.3601453
 -43.6510525    6.2573481
 -48.4613912   23.0086750
 -48.9958278   18.4067867
 -34.3905671    9.3065796
 -53.0974007   21.8466959
 -44.6520236   17.6894854
3446.5027877 -389.4757070
 -29.9636991  -19.4239097
 -19.6527666  -18.7118282
 -12.6442378  -22.7132329
 -40.2860910    1.9302058
 -25.4537553  -26.8202763
 -17.0728052   19.4413172
 -21.9015595    0.9216510
 -29.6185025    2.3664100
 -21.4217368    5.4543056
 -29.5411499   11.6559227
 -30.9596005    4.0185529
 -21.3511457   22.6306876
 -38.9944106   26.5855890
 -27.6222798   14.0980725
 -20.4468241   13.2875721
 -40.3895687   26.6500867
 -30.2368737   14.3921185
 -27.7487112    9.6426733
 -27.0034126   13.9318698
 -26.6059249   13.8554926
 -51.8424463   15.8235799
 -42.1239415   14.4782274
 -30.5731516   14.4059565
 -40.1388565   14.5825541
 -81.2740067   59.6689785
 -49.3353868   16.5271699
 -55.6883193   30.1097603
 -47.3466215    9.9815932
 -28.4482947   -6.6923595
 -36.3415953   -1.6441280
 -34.8916684  -18.6773017
 -23.8938743  -27.5865935
 -38.3278175  -13.8653898
 -24.8823703  -25.5453032
 -27.6697257  -24.4797608
 -21.9762380  -27.5692618
 -48.5235480   -0.8407972
 -23.0253526  -27.0257397
 -13.5605845    3.6152177
 -15.9451006   -1.7397212
 -20.6212435   20.6389925
  -7.0024055   16.7666230
 -23.4239394   24.9339018
 -16.0527230   24.4184452
 -26.4863568   29.0952102
 -17.0182699   20.6277230
 -17.6809486   15.0843308
 -25.4679560    2.5919864
 -25.2850287    5.9127389
 -21.4855733   13.9716841
 -40.1518790   25.9759439
 -18.8467499    4.0645888
 -44.0533029    6.7985980
 141.0024142 -452.6260241
 -57.3136375    2.1127642
 -20.7398283  -31.0271442
 -23.7764695    9.1691615
 -31.1395984   12.1306134
 -30.8031790   11.5612586
 -13.0430059    3.3376286
