-2.755027e+01  3.793066e+00
-2.801666e+01  3.819579e+00
-4.474486e+01 -4.900722e+01
-3.998966e+01 -3.124115e+01
-4.481063e+01 -4.582401e+01
-5.569744e+01 -3.056601e+00
-4.900107e+01 -4.344748e+01
-3.498852e+01 -2.891365e+01
-4.093101e+01 -3.380194e+01
-3.978967e+01 -4.348705e+01
-4.185612e+01 -4.707288e+01
-4.451106e+01 -3.654060e+01
-4.119163e+01 -4.709492e+01
-4.123672e+01 -4.726646e+01
-2.664371e+01 -2.478094e+01
-2.712843e+01  2.456583e-02
-3.789048e+01  2.497354e+01
-3.906196e+01  2.732677e+01
-3.505341e+01  2.600598e+01
-3.862275e+01  2.541725e+01
-4.007239e+01  5.455253e+01
-1.807056e+01  3.677118e+01
-2.735421e+01  4.831720e+01
-2.294902e+01  3.359559e+01
-4.903891e+01  1.115236e+01
-4.857742e+01  1.262629e+01
-4.382159e+01  1.772781e+01
-4.937638e+01  2.051274e+01
-5.471145e+01 -3.254495e-01
-4.004618e+01  2.587655e+01
-5.772356e+01 -1.457229e+00
-2.838359e+01 -3.241512e+01
-1.168990e+01 -1.442077e+01
 2.182894e+03 -5.069253e+02
-5.341944e+02  9.511475e+02
-3.853584e+01  4.975988e+01
-3.951057e+01  6.349070e+01
-4.358224e+01  5.108382e+01
-2.459318e+01  3.215433e+01
 8.000976e+02  6.331738e+02
-3.613397e+01  2.354813e+01
-5.000145e+01  1.112561e+01
-4.690010e+01  1.438982e+01
-4.553316e+01  2.258078e+01
-5.255033e+01  9.556200e+00
 8.167262e+02 -1.885818e+02
 8.282471e+02 -1.974407e+02
-4.244695e+01 -1.600626e+01
-6.349583e+01 -4.476046e+01
-4.351371e+01 -4.855811e+01
 4.484652e+02 -1.464082e+02
-2.612079e+01 -2.537415e+01
-2.225315e+01 -2.525638e+01
-2.855797e+01  2.840354e+01
-3.620959e+01  2.666200e+01
-3.879961e+01  2.586042e+01
-3.742819e+01  2.595958e+01
-3.579500e+01  2.623584e+01
-3.650785e+01  2.226923e+01
-5.384783e+01  7.808874e+00
-3.382080e+01  7.520643e+00
 3.886714e+02 -3.872659e+01
-5.747732e+01 -3.144819e+01
-4.905418e+01 -1.706633e+01
-4.079238e+01 -1.713712e+01
-4.194671e+01 -1.913035e+01
-4.335447e+01 -1.814910e+01
-4.322154e+01 -1.582645e+01
-4.199230e+01 -1.493857e+01
-2.630116e+01 -1.818623e+01
-2.704786e+01 -2.496174e+01
 8.350715e+02 -2.466733e+02
-4.096024e+01  5.405466e+01
-3.909801e+01  2.568340e+01
-4.493861e+01  2.248407e+01
-5.068999e+01  1.380097e+01
-5.386580e+01  1.560285e+01
-4.960488e+01  1.084170e+01
-4.778757e+01  5.325671e+00
-4.170836e+01  8.913534e+00
-3.642722e+01  1.258310e+01
-4.217126e+01 -4.494622e+01
-3.318885e+01  2.072063e+01
-2.955252e+01  3.143814e+01
-3.047084e+01  2.435955e+01
-3.016721e+01  2.345445e+01
-3.229439e+01  2.875905e+01
-3.122725e+01  2.814326e+01
-2.338014e+01  3.649105e+01
-5.130559e+01  5.249672e+01
-4.411758e+01  3.319153e+01
-2.261727e+01  4.303029e+01
 7.716502e+02 -1.115703e+02
-3.221923e+01  1.612650e+01
-3.824471e+01  1.689628e+01
-3.704624e+01  1.616584e+01
-4.436630e+01  1.895593e+01
-3.592184e+01  9.255902e+00
-5.598564e+01  2.051817e+00
-5.974774e+01  1.134625e+01
-5.252863e+01  1.160768e+01
-4.742926e+01  1.482435e+01
-5.057470e+01  1.361951e+01
-4.643880e+01  1.287033e+01
-5.220117e+01  9.969073e+00
-3.534024e+01  6.085750e+00
-2.883410e+01  2.870399e+00
-2.981903e+01 -5.128795e-01
-4.083244e+01  9.244750e+00
-3.833090e+01  8.721975e+00
-2.599860e+01  2.299048e+00
-3.205200e+01  3.625183e+00
-3.161326e+01  6.707174e+00
-3.140338e+01  1.034439e+01
-4.583498e+01 -1.777121e+01
-4.244669e+01 -1.400812e+01
-4.134031e+01 -1.638261e+01
-2.425801e+01 -2.226421e+01
-2.697047e+01 -2.771242e+01
-2.523132e+01 -1.843310e+01
-5.579344e+01  2.985458e+01
-3.466071e+01 -1.794301e+01
-2.941479e+01 -7.799279e-01
-3.779983e+01  2.697901e+01
-4.274375e+01  4.837076e+01
-4.253029e+01  4.530666e+01
-4.559221e+01  4.946989e+01
-4.460915e+01  4.443818e+01
 8.177413e+02 -1.388116e+02
-2.050694e+01  3.666558e+01
-5.307836e+01  5.948573e+00
-4.886781e+01  1.349643e+01
-4.861270e+01  1.339783e+01
-5.650818e+01  1.791879e+01
-4.514046e+01  1.863014e+01
-6.065837e+01  1.950093e+01
-3.883846e+01  2.531259e-01
-2.600858e+01  4.804357e+00
-2.731136e+01 -8.212993e-02
-2.849289e+01  4.922473e+00
 1.894786e+03  4.762541e+00
-4.102980e+01 -1.904132e+01
-4.243298e+01 -1.920157e+01
-4.112140e+01 -1.774449e+01
-4.186541e+01 -1.787192e+01
-4.512172e+01 -1.346443e+01
-4.596570e+01 -2.153559e+01
-4.475077e+01 -2.289658e+01
 1.027321e+01 -7.153091e+00
-2.364760e+01 -1.766793e+01
-1.793946e+03 -1.365933e+03
-2.984584e+01  1.571199e+00
-5.320556e+02  9.713555e+02
-4.151598e+01  5.977499e+01
-4.461427e+01  5.280074e+01
-4.409458e+01  4.903192e+01
-4.385212e+01  5.413397e+01
-3.291535e+01  6.488346e+01
-4.366299e+01  5.357931e+01
-4.114335e+01  4.715322e+01
-4.228108e+01  4.712165e+01
-4.128253e+01  5.882656e+01
-3.655764e+01  2.129594e+01
 4.555809e+02 -3.614122e+01
-4.958426e+01  1.369882e+01
-4.673655e+01  1.887829e+00
-4.531241e+01  3.035714e+00
-4.810156e+01  3.410063e+00
-4.227655e+01  1.785122e+01
-4.191202e+01 -1.397144e+01
-5.248645e+01 -2.395426e+01
-4.844405e+01 -1.188883e+01
-4.916503e+01 -1.072731e+01
-4.416025e+01 -1.397881e+01
-4.740669e+01 -1.456463e+01
-4.511268e+01 -1.794880e+01
-5.718958e+01 -2.362367e+01
-4.448892e+01 -1.442600e+01
-4.968140e+01 -1.828079e+01
-5.418579e+01 -2.450087e+01
-4.613723e+01 -1.463565e+01
-4.998645e+01 -4.814202e+01
-4.548306e+01 -4.876480e+01
-4.417126e+01 -5.023428e+01
-4.901794e+01 -3.698617e+01
-4.444643e+01 -4.149925e+01
-4.520103e+01 -4.587330e+01
-4.408945e+01 -4.946590e+01
-4.334644e+01 -4.429837e+01
-4.263775e+01 -4.467990e+01
-2.562016e+01 -1.633926e+01
-2.610534e+01 -2.834145e+01
-2.629563e+01 -3.039057e+01
-2.864604e+01 -2.103666e+01
-2.883232e+01 -2.620101e+01
-2.532184e+01 -2.048383e+01
-2.701395e+01 -2.138827e+01
-2.689874e+01 -2.221690e+01
-1.926410e+01 -3.662453e+00
-3.393966e+01 -2.223507e+01
