  -29.5990465    -1.7497306
    2.0064913   137.4323857
    0.5211231   -37.8830584
   -9.3207120   -52.7197553
   -0.2033641   -20.6750610
  -11.3792883   -47.2582399
   28.1446955   -55.2315228
   28.1621713   -24.7964278
   31.9112124   -35.1501313
   22.7901885   -43.7107946
  873.1184859  -228.4309782
   12.8305521   -18.3038561
    7.2890087    -4.4337314
   18.6335831   -24.0337332
   10.7739834    -8.5000416
  -24.7143882    31.2942850
  -23.8044418    37.0669396
  -16.3203376    47.2857020
  -11.5672209    62.4318537
  -21.9887325    34.4526526
  -16.3206305    48.1910285
  -14.8833276    32.6096135
  -19.8461282    30.1757773
  -29.2497526   -32.0097974
  -18.0324026    13.9242462
   18.1608628   -20.4336286
    4.4967486     3.9560203
    3.5091925     7.4042314
   -1.3692500    53.0352946
   14.9022065    39.8295222
    0.1768173    36.8011869
   -1.2353398    39.7826704
  -22.4998931    26.4805590
  -15.4343375    27.9337095
  -36.6472923   -12.5973348
  -13.9936451   -21.7211964
  -15.6179563   -16.8041405
-1433.1826777  -343.1875672
   34.0160332   -11.4443307
   26.3714954   -21.9353920
   26.6946248   -46.7872910
    9.5173467    23.9603170
   -3.3247976    48.7249536
    6.4227170    29.0561263
   -1.5979848    35.9462682
    6.0223691    32.6248798
    3.9056801    31.7092329
  -28.8121360    37.9092996
  -17.1110795    23.1492846
  -24.5432987    31.9268877
   10.7097544    11.6188486
  -22.6893434    36.9267417
   -3.4345396    14.1147137
   -9.7718287    15.1962172
  -17.5244020    49.2613328
   -7.7897585    49.5588968
  -18.6951024    29.2434117
  -15.2411952   100.3468121
  -18.5943946    53.8830697
  -18.6773583    17.3993132
  -21.2585439    49.1461273
  -19.7034668    29.3102668
  -37.0482750    65.9170530
  -11.3308022    50.9759645
   -5.7329470    69.6037554
  -18.0608277    18.9275707
  -20.1985832    24.1863475
  -15.0102832    39.1245344
  -37.6334829    -8.7341662
  -10.9641873   -10.3432594
  -12.4599510   -18.0709828
  -14.5270694    -6.7877405
  -15.5908663    -9.4922135
  -15.0885168   -11.7775745
  -19.2510307     1.0679783
  -26.7693892    43.2998080
   -4.6296769     4.6743904
  -64.9198627   -63.1848712
   23.3286319   -41.7633566
   23.0965425   -24.1274458
   30.6282898   -33.2393519
   29.0560517   -57.4457110
   27.3258932   -34.3126177
   23.4791833   -51.0366390
   19.9908167   -63.4541369
   19.0371435   -57.1097015
   18.0152548   -51.9842986
   26.1459440   -40.6871922
  870.6641705  -299.0557995
   24.0735378   -49.5819615
    4.1479132    -4.0639648
    9.1657906    14.8970743
    5.2172498    31.2557283
    5.1649338    34.4057003
   -5.1508477    30.8829723
   -9.6354179    49.6613123
    5.1650608    29.6063387
    6.7395583    34.1839964
    9.3420744    49.5139050
   -0.8899718    12.7656168
