   19.2213469   -25.3870607
  792.8945118   633.6955605
-2482.2577714   138.3280285
  -10.1744204   -32.6595769
   29.2878134   -42.5323721
   25.0704632   -43.3995694
   18.8721244   -24.8977002
   27.4819988   -19.8681239
    6.4316457   -43.9188494
   14.9069173    -0.6239535
    3.7709700   -42.8242346
   40.2920893   -51.5712147
   16.0107651   -18.6385850
   15.0824587   -18.5408290
   33.0282396   -24.3622819
   23.4303064   -24.0598574
   11.5823014   -37.0099988
   -8.2863024   -31.4039499
   -6.1648313   -27.7845713
   -2.9791617   -25.7769853
  -28.8203655   -29.0042373
  -29.9747727   -30.3249137
  -44.7371711   -56.7587709
  -31.9267581   -39.3635276
  -31.8648279   -32.6614912
  -32.0996403   -27.2495680
   13.6732458   -28.2521979
   12.5883932   -25.8040367
   16.5395506   -65.2972989
   47.9014166   -67.9641053
   26.2024523   -42.9246993
    8.2759419   -45.8080268
   14.0407791    -7.4684999
   16.3862976    -0.8348844
   11.9863548     4.2782011
   17.7148882   -31.6632434
   19.5231815   -27.2748424
   23.9328767   -70.1370741
    2.2169976   -36.6614372
   -2.9469730   -22.9700990
    6.1985722   -19.2861020
  -21.0844744   -36.4384915
   14.9053802   -25.2207222
  788.7664871   639.6950642
   32.6202275   -37.1292884
   30.7698230   -23.0259132
   36.5682285   -53.2437814
   23.9847200   -25.5299493
   29.8553700   -24.8565424
   27.3676055   -26.3311144
   26.4330026   -28.5810684
   28.1648910   -26.1910138
   36.4940291   -43.7587499
   33.5997533   -35.4023746
   59.1312849   -38.5470639
   34.4335077   -12.5895751
   39.5240468   -12.3625933
   33.5724937   -30.0592609
   35.2669749    -7.0117214
   49.6731083   -31.6878679
   41.4044144   -11.9303105
    9.8391737   -36.5204122
   13.3700746    -8.0201100
   22.8288294   -28.4978064
   -3.4254515   -33.3863547
   -2.8488719   -18.5857991
  -33.3030349   -31.0920459
  -39.7351580   -58.7285059
   11.0909799   -24.5306307
    8.1948584   -31.9044511
    5.0211527   -34.4729218
   41.0509082   -16.3826669
   52.0681905   -37.2972864
   39.9136942   -39.4858101
   17.5528514     4.3717470
   33.1596509    -3.2679287
   47.8881516   -33.2200371
   17.9334232   -22.1333885
   18.8946266   -25.4115696
   27.0486991   -24.1707835
   24.5664419   -23.1242418
   19.7745013   -25.7760653
   19.6321483   -23.4339375
   17.3575619   -69.7341001
   -1.8034949   -40.9100965
   -1.5877906   -42.6024166
   10.7315364   -38.9702237
    5.0217192   -34.9765079
   -2.2209680   -36.6512038
   -5.5649641   -31.1874627
  -31.0926663   -35.1417950
   14.2658314   -21.7538112
    5.0523087   -38.9971425
    6.5005375   -26.1505944
   29.2244140   -22.6669224
   21.0457060   -42.5871655
    3.5303641   -46.5998414
   16.2049265     5.3307696
   10.7855085     1.9522123
 -431.7291487  1453.5866259
