-2.628962e+01  3.189334e+00
-9.514173e+02  2.173755e+01
-1.270172e+01  2.881405e+00
-1.840499e+01  5.512581e+00
-1.238791e+01  6.009828e+00
-2.035125e+01  6.370501e+00
 8.389122e-01 -4.626206e+00
 9.851903e+00 -4.830675e+00
 1.074116e+01 -6.514194e+00
 2.087914e+01  7.828685e+00
 1.777939e+01 -4.108209e+00
 1.866475e+01  7.030034e-01
 1.255716e+01 -5.857719e+00
 1.214150e+01  6.491806e+00
 1.441409e+01 -1.071231e+01
 8.641600e+00 -7.722415e+00
 2.247502e+01  5.471483e+00
 2.030793e+01  6.926223e+00
 2.354784e+01  6.727116e+00
 2.431080e+01  1.014758e+01
 5.138383e-01 -3.198651e+00
 2.685964e+01 -1.739682e+01
 1.498968e+01 -1.320400e+01
 2.672327e+01 -1.394320e+01
 1.883526e+01 -1.056444e+01
 1.754275e+01 -1.490791e+01
 2.191279e+01 -1.446049e+01
 2.066100e+01 -1.577995e+01
 1.866157e+01 -1.101032e+01
 2.371788e+01 -1.497919e+01
 2.001398e+01 -1.427748e+01
 1.757947e+01 -1.364529e+01
 9.492729e+00 -1.084521e+01
 2.537536e+01 -1.500663e+01
 1.542424e+01 -1.226663e+01
 1.412512e+01 -1.124385e+01
 2.581612e+01 -1.236647e+01
 1.351261e+01 -6.790529e+00
 2.343805e+00 -4.656087e+00
 3.145297e+02 -3.166207e+01
-1.589778e+01  4.290885e+00
-2.923343e+01  5.153593e+00
-2.413862e+01  1.907490e+00
-2.402116e+01  2.752699e+00
-2.456745e+01  2.506208e+00
-2.456994e+01  2.044593e+00
-2.461781e+01  3.708803e+00
-2.133540e+01  3.366869e+00
-2.295454e+01  2.616557e+00
-2.543519e+01  4.773496e+00
-2.724488e+01  5.686993e+00
-2.455362e+01  4.093133e+00
-2.977826e+01  3.867183e+00
-2.086230e+01  2.119653e+00
-2.593759e+01  1.749807e+00
-1.726803e+01  2.643662e+00
-6.508467e+00  6.078265e-02
-2.083679e+01  9.339243e+00
-2.276777e+01  1.104493e+01
-2.425776e+01  2.729796e+00
-4.068228e+00  5.159490e+00
 1.182684e+03  5.231194e+02
 2.377544e+01  4.336070e+00
 2.118854e+01  9.742173e-01
 1.734464e+01  9.536404e+00
 5.826401e+02  9.355127e+02
 2.382236e+01 -1.040907e+01
 5.864489e+00 -3.773591e+00
-1.344534e+00 -3.969896e+00
 5.399762e+00 -2.962409e+00
-2.412833e+01  4.263225e+00
-2.115613e+01  8.285454e-01
-2.887720e+01  3.815789e+00
-2.396436e+01  1.038765e+00
-1.663102e+01  4.220445e+00
-2.517077e+01  2.134519e+00
-4.406584e+01  1.331411e+01
-1.549941e+01  4.059513e+00
-1.294769e+01  3.804162e+00
-1.381260e+01  3.722217e+00
-1.514973e+01  4.459175e+00
-1.942996e+01  7.074683e+00
-2.260587e+01  6.491518e+00
-1.449293e+01  4.471993e+00
 4.208456e+00 -7.770479e+00
 1.329666e+01 -8.967358e+00
 4.382655e+00 -6.004438e+00
 1.110423e+01 -5.795870e+00
 9.990204e+00 -4.455055e+00
 1.295780e+01 -8.951318e+00
 1.075601e+01 -6.833403e+00
 1.289016e+01 -8.169297e+00
 1.243237e+01 -1.023411e+01
 1.169098e+01  1.992250e+00
 1.173609e+01 -4.340456e+00
-6.111242e+00  5.046348e+00
-1.867211e+01  1.953786e+00
 5.654802e+02  9.526262e+02
-3.693726e+01  1.579914e+01
-3.617559e+01  1.505416e+01
 1.673671e+01  6.337502e+00
 1.991278e+01 -1.187529e+01
 1.185813e+01 -7.597382e+00
 1.699982e+01 -1.108076e+01
 1.649651e+01 -1.202419e+01
 2.136598e+01 -1.784796e+01
 6.987263e+02 -8.996705e+02
-1.579489e+01  1.535533e+00
-8.501330e+00  3.504291e-01
-1.639750e+01  3.056217e+00
-1.841442e+01  2.670532e+00
-1.875700e+01  4.203038e+00
-2.166571e+01  5.934839e+00
-2.689418e+01  5.393301e+00
-3.432067e+01  1.254935e+00
-1.849821e+01  4.529676e+00
-2.201613e+01  9.631511e+00
 5.348591e+00 -3.661538e+00
 1.917840e+00 -5.846799e+00
 1.207268e+01 -3.023206e+00
 1.783467e+00 -6.591063e+00
 1.769456e+00 -7.387607e+00
 1.996150e+01  1.167178e+01
 9.180203e+00 -8.801929e+00
 1.352972e+01 -5.430424e+00
 1.404900e+01 -7.898959e+00
 1.331391e+01 -4.813333e+00
 2.241002e+01  1.547237e+01
 9.534552e+00 -1.079739e+01
 2.176300e+01  2.081787e+01
 1.678577e+01  8.287381e-01
 2.608427e+01  2.957516e+00
 6.559803e+00 -3.471299e+00
 1.036152e+01 -3.040032e+00
 1.403625e+01 -2.713209e+00
-9.305417e+00  1.620366e+00
-2.254484e+01  3.903033e+00
-2.272944e+01  1.624205e+00
-4.585342e+01  2.118800e+01
-1.718844e+01  1.028397e+01
-1.778717e+01  9.432808e+00
-2.395300e+01  1.150916e+01
-1.954092e+01  9.438462e+00
-2.373323e+01  8.111425e+00
-2.370593e+01  1.146255e+01
-3.505768e+01  5.737621e+00
-1.392448e+01  8.421382e+00
 2.076461e-01 -4.440151e+00
 1.175524e+01 -6.093623e+00
 6.355002e+02 -7.723181e+02
-2.332366e+00 -4.883649e+00
-8.441944e+00  9.431876e-01
-3.948664e+00  3.581772e+00
-7.189670e+00  4.375897e+00
-1.688450e+01  4.828113e+00
-2.093692e+01  3.287268e+00
-1.073516e+01  2.627853e+00
-3.040996e+01  2.463381e+00
-2.088369e+01  2.469673e+00
-1.927620e+01  2.859389e+00
-2.317937e+01  3.694573e+00
-1.894693e+01  6.424967e+00
-2.289119e+01  5.127260e+00
-2.382315e+01  6.086406e+00
-2.462066e+01  5.512533e+00
-1.432746e+01  6.081387e+00
-1.751515e+01  4.927237e+00
-1.817978e+01  7.065248e+00
-3.593449e+01  1.132397e+01
-2.632764e+01  6.303712e+00
-1.677207e+03  1.612789e+01
-4.361978e+01  2.534879e+00
-1.218756e+03 -1.111364e+00
-1.223579e+01  1.815619e+00
-1.796776e+01  2.261935e+00
 5.942244e+00 -4.407583e+00
-8.536690e+01  3.048673e+00
-1.639692e+01  2.218464e+00
-4.488220e+01  1.138003e+01
-3.499826e+01  2.736511e+00
-3.667882e+01  3.565394e+00
-3.590329e+01  4.023682e+00
-3.496884e+01  3.787344e+00
-3.261889e+01  1.474332e+00
-3.260594e+01  2.949498e+00
 5.074631e+00 -5.861037e+00
 2.537197e+00 -7.151413e+00
 6.532306e+02 -7.785382e+02
 3.471189e+01  9.211438e+00
 2.982570e+01  1.555392e+01
 3.639724e+01  1.136522e+01
 3.731764e+01 -1.506664e+01
 1.959457e+01  5.591314e+00
 3.791934e+01 -1.171866e+01
 3.053376e+01  1.113711e+01
 2.722540e+01 -1.917518e+01
 1.994619e+01 -1.443228e+01
 2.763408e+01 -1.594767e+01
 1.205201e+01 -3.744583e+00
 7.764780e+00 -3.731515e+00
