   6.64706437  -30.22637787
   4.37513603  -36.97086246
   4.83015360  -37.38322394
   5.61471148  -21.99279187
 -12.82349592   24.46642637
   1.51102205   28.84219846
   3.29686699   27.79887701
 -10.00017385   35.36025266
 -14.45990154   25.91121171
 -11.03234524   23.80361998
 -11.81172795   28.16732048
  -9.29794153   30.64901794
  -9.09644703   29.18960078
  -6.82168027   31.25790247
 -12.93632579   23.34496872
  -5.41970328   78.67506435
  -0.91856120   75.67428587
  -1.11190119   71.23327836
-897.65534618  154.17573709
   0.39959149    6.91147809
  -4.63024027   22.79251642
  -3.02859970   19.89998566
  -4.37786436   23.14778045
  -4.28444698   19.41687177
  -6.75223277   19.58387414
   0.68203887  -38.35547709
   7.99947760  -49.95868319
  24.58957633  -48.71940614
 543.16803715 -193.63947410
  18.40083816  -33.20042843
   5.92476416  -40.57335813
   1.60399562  -34.49813017
   9.89445442  -70.07034832
   6.72023624  -22.30682410
   9.55217669  -57.62149455
   6.16247782  -36.53158123
   6.34395703  -43.10589336
   5.69071142  -34.93916908
   5.16503071  -40.55772824
  -6.05855912   -2.39969562
  17.53984733    4.56481037
  -3.36819956   74.88379184
   3.30482047   72.72097385
  -0.93325098   78.14283447
 -15.21502009   67.35887402
  -2.17368166   16.29197701
   1.07864641   11.76929833
   1.37442208   29.04411322
  -4.86010951   24.17372326
  -6.93233028   23.43474557
   0.39528784   13.48262060
  -3.74716163   22.44498209
  -6.09739806   17.78065517
  -5.18513704   26.25108717
  -8.35599964   20.58890858
  -2.86309877  -38.83397550
  -2.07777974  -29.26792081
  -1.60974444  -33.43255597
   0.08621766  -33.12698760
  14.70347060  -51.80389307
   6.90390231  -42.68822455
   7.71935856  -45.73293712
   8.29817017  -75.62177055
   8.53736122  -50.62553679
   8.18874379  -60.56040906
   4.92076788  -77.89711108
   7.30295064  -32.97156469
   6.17184472  -66.87210887
   8.00361919  -39.71274801
 709.17138081 -546.03722409
  22.54797613  -29.15590959
  21.67378941  -24.74263425
  17.26808924  -20.95410410
  18.49485868  -36.66677780
   2.77824565  -37.75999216
  -6.04174101   -3.78647885
  -9.71367639   31.03015272
 -18.87344753   40.10392440
  -6.54027166   38.61143881
  -6.34509610   35.39747256
 -28.45051363   43.47014085
  -9.26210174   32.67403970
  -6.42949900   17.80572674
   8.03642232   25.63604670
  -4.99375340   14.48438733
  -4.06567297   18.85449171
   4.29502186  -77.27271576
  24.85739062  -53.10427473
  20.75978044  -23.12869911
  19.88364623  -24.12279759
  23.48009271  -37.37462588
  21.92352112  -26.75300376
  21.69177717  -24.81977528
  22.79380931  -33.12878504
  18.06213537   -8.53435558
  23.38048598  -37.56231836
  18.38946193  -33.72438972
  16.46908265  -26.32134127
  18.06155460  -38.63636120
  21.14563032  -66.84736567
  18.63360573  -45.11811385
  19.35341382  -39.09288579
  19.48543065  -33.93510366
  18.82891439  -39.50610805
   2.45605259  -36.52833104
   5.91448411  -39.41856507
   4.89324770  -29.60058284
   6.43428611  -32.96379648
   5.06809577  -36.82546481
   5.85480128  -37.14396584
   9.58538616  -68.97731828
   2.85301238  -18.19728640
   4.24300299  -34.21860254
  -7.60384952    1.51342734
  -7.21861029   -3.18272925
  -4.27617132   12.25755915
  -6.36204263   -5.47829921
  -5.75015993   -4.48970152
  -6.76750345   -7.05315667
  -6.80480194   -2.79028492
  -7.28100644   -4.94186594
  -9.93762676   18.95689246
-968.01306380  112.24557444
 -19.76913761   36.04534995
  -4.01916260   34.08699780
  -2.29481065   38.95141902
  -4.95821491   36.78948678
  -5.61755080   47.21895531
 -16.17378483   24.60907459
-901.84353202  139.76369475
  -2.84625074   28.33110961
 -12.83721833   19.09812313
  16.07466336  -40.37493502
  18.56371204  -56.26192641
  15.33286629  -32.51827146
  16.58194134  -29.31162470
  18.39842145  -51.21379933
  16.46397624  -39.22445032
  19.45334590  -44.60663653
  18.86275974  -33.86273789
  17.58170411  -36.41779270
  -3.62708858   20.02150323
 -12.73400406   33.50781338
  -7.36419731   18.21335833
  -5.86400618   47.28530596
1188.09055052  786.44352867
 -17.03821117   57.12676564
 -20.91670432   68.58423258
 -21.34368361   64.21253377
   7.74319189  -46.46547349
  21.23581961  -23.67748066
  25.24813275  -63.24269577
  22.88541890  -52.80370677
  16.72662368  -60.59974634
   5.57282218  -23.04870807
  -7.20216426   -1.02632403
  -2.45221244    7.20953966
  -8.15109008   -8.93527779
  -5.71768929  -11.83140321
  -7.37089772   -2.24777292
  -8.10871216   -8.60699481
 -14.93934392   31.05302039
  -6.61002627   33.90183743
 -25.88544782   39.06233217
 -11.36652909   42.54872205
 -11.97944580   33.92288472
  -1.08415720   32.55993160
   4.98916055   26.25309669
  -0.93036801   46.13604213
  -1.51231630   78.14097271
   1.95135148   75.23045504
   0.09604464   64.38078484
  -9.75866415   80.53820573
   1.24674170   73.12251501
  -2.35353499   83.19781446
   5.64448017  -44.19226860
  -0.95516303  -29.75475285
  -0.95741494  -32.39053464
   2.88724148  -47.52678911
  -0.29682656  -30.23888585
  22.37404111  -27.30649521
  16.90990981  -26.66858363
  17.17176269  -66.46025716
  19.67460348  -58.03057307
  20.04557955  -43.72691318
   3.11471155  -42.66264166
   8.47505086  -43.05134333
   6.79374303  -34.64496665
   4.24565742  -38.39074872
  -6.70911388   -4.43769251
 -17.89841327   18.66073582
  -7.84362692   32.79098371
  -3.45773311   45.72815013
 -21.52159138   48.70695968
 -17.10632082   48.60070229
  -8.74434392   75.97356326
  -3.80781097   76.25879805
 -19.62951499   57.42803891
 -19.46280032   58.02666647
 -22.57781840   61.85704324
