15
0 19.9431438446045 18107.0757158995 21.7673343420029 20.7597061395645 23.4551017284393 262162.490286946 24.4699662923813 11.3700592517853 18.2533646821976 262152.606474042 25.4053357839584 12.8989874124527 39463.4152283669 22.0488488674164
19.9431438446045 0 18111.8289266825 13.1735490560532 22.6244252920151 12.376056432724 262156.733676076 12.1861482858658 15.5397863388062 17.2147051095963 262160.843846202 23.748743891716 16.8956528902054 39469.3701086044 13.6063430309296
18107.0757158995 18111.8289266825 0 18110.8276081085 18109.0247197151 18112.5670171976 280251.920127153 18111.7822952271 18101.6988965273 18107.7980086803 280250.6076262 18105.0476996899 18100.1699683666 21361.1221798658 18110.7738550901
21.7673343420029 13.1735490560532 18110.8276081085 0 13.9533469676971 4.37783777713776 262165.686418056 3.4935097694397 16.1139806509018 8.60490250587463 262161.503167868 22.4874773025513 16.6563200950623 39467.8129831553 0.656213641166687
20.7597061395645 22.6244252920151 18109.0247197151 13.9533469676971 0 14.7557936906815 262156.707070351 14.3153660297394 15.2899528741837 9.96896409988403 262161.342363596 14.3175489902496 16.95232629776 39465.7789133787 13.956735253334
23.4551017284393 12.376056432724 18112.5670171976 4.37783777713776 14.7557936906815 0 262164.943272471 1.13974416255951 17.2111763954163 8.66333520412445 262163.083750129 23.3718856573105 17.9909592866898 39469.2505908012 4.5807569026947
262162.490286946 262156.733676076 280251.920127153 262165.686418056 262156.707070351 262164.943272471 0 262164.750453472 262153.661567569 262157.769135237 16.5039286613464 262157.420684099 262155.190495729 301608.954632401 262165.613749862
24.4699662923813 12.1861482858658 18111.7822952271 3.4935097694397 14.3153660297394 1.13974416255951 262164.750453472 0 17.1151250600815 9.20377731323242 262163.744178772 22.232727766037 17.6711864471436 39468.4658688307 3.44101274013519
11.3700592517853 15.5397863388062 18101.6988965273 16.1139806509018 15.2899528741837 17.2111763954163 262153.661567569 17.1151250600815 0 8.94128239154816 262150.16549623 16.0811558961868 1.94473087787628 39457.453016758 16.5999445915222
18.2533646821976 17.2147051095963 18107.7980086803 8.60490250587463 9.96896409988403 8.66333520412445 262157.769135237 9.20377731323242 8.94128239154816 0 262157.442242861 18.585188627243 10.4702105522156 39463.5734661818 8.92583811283112
262152.606474042 262160.843846202 280250.6076262 262161.503167868 262161.342363596 262163.083750129 16.5039286613464 262163.744178772 262150.16549623 262157.442242861 0 262164.865327597 262151.694424391 301606.645337224 262161.415715814
25.4053357839584 23.748743891716 18105.0476996899 22.4874773025513 14.3175489902496 23.3718856573105 262157.420684099 22.232727766037 16.0811558961868 18.585188627243 262164.865327597 0 15.394921541214 39464.487978816 22.4422343969345
12.8989874124527 16.8956528902054 18100.1699683666 16.6563200950623 16.95232629776 17.9909592866898 262155.190495729 17.6711864471436 1.94473087787628 10.4702105522156 262151.694424391 15.394921541214 0 39455.9240885973 17.0212765932083
39463.4152283669 39469.3701086044 21361.1221798658 39467.8129831553 39465.7789133787 39469.2505908012 301608.954632401 39468.4658688307 39457.453016758 39463.5734661818 301606.645337224 39464.487978816 39455.9240885973 0 39467.7592301369
22.0488488674164 13.6063430309296 18110.7738550901 0.656213641166687 13.956735253334 4.5807569026947 262165.613749862 3.44101274013519 16.5999445915222 8.92583811283112 262161.415715814 22.4422343969345 17.0212765932083 39467.7592301369 0
