15
0 4582.59383706889 3054.88553926414 2398.80207630879 1959.82526642041 4809.6133438123 4795.63727787385 4090.87650526725 4363.5798391752 4979.52243976347 4511.94238489964 4162.01248179554 4413.80676360001 4030.79847021367 2592.05106778774
4582.59383706889 0 5641.09111269512 3638.98982466796 5348.25815178021 4916.11511370931 3982.97945778285 4668.97473717467 4375.70860874871 3935.73579420458 5086.50995532982 4495.11995692616 941.666942198923 3951.39246833593 4550.6233575155
3054.88553926414 5641.09111269512 0 2679.38321948254 2940.85908115154 4273.97378421859 5654.9828054558 4677.61018607795 3825.91883797626 5250.87358061717 5566.81254074665 4521.8840654573 5565.49032951121 3383.59343169939 5293.25609817689
2398.80207630879 3638.98982466796 2679.38321948254 0 3584.32246876301 4160.40893746474 6242.75273602037 4983.32686594232 5253.15242102966 6312.66426685503 2887.43191303297 4604.29160902986 3957.77692246399 2429.60054652246 3940.30617992526
1959.82526642041 5348.25815178021 2940.85908115154 3584.32246876301 0 4506.09460391683 4440.40047317954 3480.50626376098 4122.722297226 4249.77074948214 6471.75168798363 3842.1607660876 4918.72624732876 5160.3410577204 4551.8736403958
4809.6133438123 4916.11511370931 4273.97378421859 4160.40893746474 4506.09460391683 0 4929.05328274924 3886.8384606013 3495.89751279051 4527.56794868931 5805.61973606279 3661.98818201348 4841.56882177547 2972.99304097785 4977.51238790117
4795.63727787385 3982.97945778285 5654.9828054558 6242.75273602037 4440.40047317954 4929.05328274924 0 3283.76658874625 4440.41248442668 698.82334109559 7379.67145318519 3634.76030486828 4100.11193063335 6123.9379877055 5503.6123489947
4090.87650526725 4668.97473717467 4677.61018607795 4983.32686594232 3480.50626376098 3886.8384606013 3283.76658874625 0 4494.30431735286 3394.36820976498 6767.46445014335 442.837192189149 4352.9052580436 4991.42264330586 5190.60773529469
4363.5798391752 4375.70860874871 3825.91883797626 5253.15242102966 4122.722297226 3495.89751279051 4440.41248442668 4494.30431735286 0 4157.9845714326 5655.05321634055 4355.35012525187 3865.60809121389 2879.99270670466 4323.14288012626
4979.52243976347 3935.73579420458 5250.87358061717 6312.66426685503 4249.77074948214 4527.56794868931 698.82334109559 3394.36820976498 4157.9845714326 0 7663.29342262801 3631.39189895037 4048.29176135114 5971.75507068832 5901.20794949249
4511.94238489964 5086.50995532982 5566.81254074665 2887.43191303297 6471.75168798363 5805.61973606279 7379.67145318519 6767.46445014335 5655.05321634055 7663.29342262801 0 6358.71416481291 5087.87994513097 3434.85537864137 3029.5540893223
4162.01248179554 4495.11995692616 4521.8840654573 4604.29160902986 3842.1607660876 3661.98818201348 3634.76030486828 442.837192189149 4355.35012525187 3631.39189895037 6358.71416481291 0 4600.33292534324 4629.76814097924 5284.32110053479
4413.80676360001 941.666942198923 5565.49032951121 3957.77692246399 4918.72624732876 4841.56882177547 4100.11193063335 4352.9052580436 3865.60809121389 4048.29176135114 5087.87994513097 4600.33292534324 0 3558.37721984042 4064.41917605175
4030.79847021367 3951.39246833593 3383.59343169939 2429.60054652246 5160.3410577204 2972.99304097785 6123.9379877055 4991.42264330586 2879.99270670466 5971.75507068832 3434.85537864137 4629.76814097924 3558.37721984042 0 3992.91626116613
2592.05106778774 4550.6233575155 5293.25609817689 3940.30617992526 4551.8736403958 4977.51238790117 5503.6123489947 5190.60773529469 4323.14288012626 5901.20794949249 3029.5540893223 5284.32110053479 4064.41917605175 3992.91626116613 0
