15
0 4507.26544219859 3254.9933343254 5190.33814630028 3118.75086004218 4435.00093255204 2699.21809304801 2533.22164753063 5907.39084397212 7179.48508490274 2555.37081625026 6340.69839791001 7432.19270200755 3957.36594122614 4708.06336539656
4507.26544219859 0 4041.99900101382 5267.39924027101 4058.38646469383 5012.93504797512 3600.14597864019 3964.79194792203 4401.29870993589 3945.69469575629 3545.25554999319 6231.05440114422 5239.86704484594 4235.81372221006 2971.27947018178
3254.9933343254 4041.99900101382 0 4445.32361825953 1441.0044649064 5441.0013650083 4243.21804657132 4855.47726948583 4559.00789048272 5949.69979458326 3817.62570267539 6116.52895687306 5109.93708005234 3765.33415383747 4561.92655644125
5190.33814630028 5267.39924027101 4445.32361825953 0 4221.33606759146 4995.69119228007 4886.19411535339 5635.8088721709 2660.68295863271 5277.02618894504 5745.70721487825 5103.15415551408 2329.60547736727 4859.26556856039 5889.23609272757
3118.75086004218 4058.38646469383 1441.0044649064 4221.33606759146 0 4000.00406683193 3371.6365986856 3414.47280457944 4000.00149201242 5390.70397538716 4741.38367981975 7324.48396207672 6550.94154495873 4941.15259011625 4002.92044207345
4435.00093255204 5012.93504797512 5441.0013650083 4995.69119228007 4000.00406683193 0 2602.5920627166 3414.47590447753 4000.00459191051 6609.28327822923 4741.38677971784 3324.48802890865 6550.93844506064 3284.77204965416 4002.92450890538
2699.21809304801 3600.14597864019 4243.21804657132 4886.19411535339 3371.6365986856 2602.5920627166 0 1791.32245052372 4805.74520072547 5712.09800403873 2548.8105725896 5060.58266621157 7169.03599874582 3789.91461422264 3105.7317765864
2533.22164753063 3964.79194792203 4855.47726948583 5635.8088721709 3414.47280457944 3414.47590447753 1791.32245052372 0 5414.47131256702 5194.81655757271 2155.85350037436 5910.0139004569 7965.41434953817 4095.67230870332 2588.44860442785
5907.39084397212 4401.29870993589 4559.00789048272 2660.68295863271 4000.00149201242 4000.00459191051 4805.74520072547 5414.47131256702 0 5390.70450046573 4741.38218780733 4675.52602701637 2550.94303697115 4463.7760254901 4002.91991699487
7179.48508490274 3945.69469575629 5949.69979458326 5277.02618894504 5390.70397538716 6609.28327822923 5712.09800403873 5194.81655757271 5390.70450046573 0 5350.67005794707 7284.81212113033 5941.63402685671 6323.06370294745 2612.20778713461
2555.37081625026 3545.25554999319 3817.62570267539 5745.70721487825 4741.38367981975 4741.38677971784 2548.8105725896 2155.85350037436 4741.38218780733 5350.67005794707 0 5934.14383920904 5809.56084916381 4151.93904120469 2744.3021048022
6340.69839791001 6231.05440114422 6116.52895687306 5103.15415551408 7324.48396207672 3324.48802890865 5060.58266621157 5910.0139004569 4675.52602701637 7284.81212113033 5934.14383920904 0 5226.45782394723 2383.33292257344 4678.43647999673
7432.19270200755 5239.86704484594 5109.93708005234 2329.60547736727 6550.94154495873 6550.93844506064 7169.03599874582 7965.41434953817 2550.94303697115 5941.63402685671 5809.56084916381 5226.45782394723 0 5014.70603074276 6548.02311997628
3957.36594122614 4235.81372221006 3765.33415383747 4859.26556856039 4941.15259011625 3284.77204965416 3789.91461422264 4095.67230870332 4463.7760254901 6323.06370294745 4151.93904120469 2383.33292257344 5014.70603074276 0 3716.68720191481
4708.06336539656 2971.27947018178 4561.92655644125 5889.23609272757 4002.92044207345 4002.92450890538 3105.7317765864 2588.44860442785 4002.91991699487 2612.20778713461 2744.3021048022 4678.43647999673 6548.02311997628 3716.68720191481 0
