15
0 6002.91661075153 4638.47683824027 5321.5632248715 4999.99159323215 5000.00077737332 6726.0038500669 7000.00000016371 6840.49219597335 4182.44841166485 4249.62171214919 4981.27585464845 3596.91922799267 5285.1366320297 5782.23181022167
6002.91661075153 0 3457.06400729371 2681.35338588003 3002.90820398368 2997.08416662179 2047.51980766648 1002.91661058782 5368.26689194553 4750.47810021807 2635.28789306802 4440.67537972872 4400.16571600244 4435.49679025959 5779.31519947015
4638.47683824027 3457.06400729371 0 4300.67572535579 4025.2727395684 3486.77497293207 4136.4696631149 4459.97143406779 6045.32097480851 3704.40228819588 4197.53780415827 4282.15911083787 3678.28603781527 4538.61580071905 5183.4872770212
5321.5632248715 2681.35338588003 4300.67572535579 0 4321.55481810365 5678.43755250182 3665.86844177451 1678.44595910596 4825.20088483795 4349.11710274979 3310.81724158616 4694.4963765269 3724.6363674843 4592.15269877455 5103.78585095201
4999.99159323215 3002.90820398368 4025.2727395684 4321.55481810365 0 5999.99237060547 5044.59690023666 3999.99159339586 8110.07211005701 6510.97153860842 5632.37205968981 6690.25291089426 3403.07391998612 6772.13088695427 6782.22340345383
5000.00077737332 2997.08416662179 3486.77497293207 5678.43755250182 5999.99237060547 0 3725.99915575274 4000.00077720961 6971.65245696987 4851.87855674357 5249.61330538134 4542.27948175547 5403.08154938065 4711.69039477378 5217.76896715164
6726.0038500669 2047.51980766648 4136.4696631149 3665.86844177451 5044.59690023666 3725.99915575274 0 1987.42248266855 3540.10173684852 4651.12716376577 3731.18159236029 3992.52006149259 6447.68552366892 3842.77761321897 6260.54388979152
7000.00000016371 1002.91661058782 4459.97143406779 1678.44595910596 3999.99159339586 4000.00077720961 1987.42248266855 0 5402.04880547321 5591.86900811608 3632.38046629395 4829.56499965331 5403.08232659026 4679.82802306716 6782.23181005797
6840.49219597335 5368.26689194553 6045.32097480851 4825.20088483795 8110.07211005701 6971.65245696987 3540.10173684852 5402.04880547321 0 4166.68771056881 3857.09502704059 3934.35928803588 6706.9848132592 3677.89685073753 4445.96316130205
4182.44841166485 4750.47810021807 3704.40228819588 4349.11710274979 6510.97153860842 4851.87855674357 4651.12716376577 5591.86900811608 4166.68771056881 0 4381.56133267061 2926.76372313902 5481.1958703214 3143.56932960485 4530.13746955089
4249.62171214919 2635.28789306802 4197.53780415827 3310.81724158616 5632.37205968981 5249.61330538134 3731.18159236029 3632.38046629395 3857.09502704059 4381.56133267061 0 4063.04341238346 4229.29051030916 4034.10758627301 5149.85134376401
4981.27585464845 4440.67537972872 4282.15911083787 4694.4963765269 6690.25291089426 4542.27948175547 3992.52006149259 4829.56499965331 3934.35928803588 2926.76372313902 4063.04341238346 0 6279.82906185629 303.860777381247 3595.65351045595
3596.91922799267 4400.16571600244 3678.28603781527 3724.6363674843 3403.07391998612 5403.08154938065 6447.68552366892 5403.08232659026 6706.9848132592 5481.1958703214 4229.29051030916 6279.82906185629 0 6409.08954808385 4620.85051653229
5285.1366320297 4435.49679025959 4538.61580071905 4592.15269877455 6772.13088695427 4711.69039477378 3842.77761321897 4679.82802306716 3677.89685073753 3143.56932960485 4034.10758627301 303.860777381247 6409.08954808385 0 3483.75520769178
5782.23181022167 5779.31519947015 5183.4872770212 5103.78585095201 6782.22340345383 5217.76896715164 6260.54388979152 6782.23181005797 4445.96316130205 4530.13746955089 5149.85134376401 3595.65351045595 4620.85051653229 3483.75520769178 0
