15
0 4257.25324621398 4838.09126245164 5642.76530676464 4767.26215977972 3000.0089254404 4908.83634099599 4771.14532466026 3853.71995071001 4802.26181654515 4313.81475236993 4420.96043144877 4149.70326933556 7354.98133783775 5692.263451529
4257.25324621398 0 5360.14294331273 3938.90328073935 3464.03550093525 4551.77249837211 959.736496311084 4610.79591111098 3014.62162397363 3127.90177351182 4460.98000491637 3563.64647238723 4326.44199618488 5498.34731742679 3652.13215703742
4838.09126245164 5360.14294331273 0 6128.48650338135 4033.90377680229 5790.57284529517 4400.40722045141 2724.63626107141 5162.51028642958 5475.23912744569 4796.36067601037 4428.60892703496 5583.74185764839 5911.41659937475 3445.81948781183
5642.76530676464 3938.90328073935 6128.48650338135 0 4722.20898397084 6644.41982494765 4131.53680565498 6104.45505914521 4773.12888674331 1899.03287994842 5330.60533116571 2523.71081495035 4842.86762808958 6573.5934910612 5376.28941935855
4767.26215977972 3464.03550093525 4033.90377680229 4722.20898397084 0 5373.4219258571 3464.48436341865 1828.54733300001 3088.38612090594 3025.28523941303 2977.37125631211 4170.3163946691 3529.53381418376 4661.59676719571 3225.6634883141
3000.0089254404 4551.77249837211 5790.57284529517 6644.41982494765 5373.4219258571 0 4739.67029111969 5473.51565829186 5571.47385746985 5291.47229650879 3313.81596579093 5220.82253058964 4397.2184577309 4476.01502995993 4280.17408048915
4908.83634099599 959.736496311084 4400.40722045141 4131.53680565498 3464.48436341865 4739.67029111969 0 3933.08435833211 3359.30916804449 3368.53376229378 4889.67873839159 3232.86225511505 4069.61579468588 5380.07236128985 2859.34918436645
4771.14532466026 4610.79591111098 2724.63626107141 6104.45505914521 1828.54733300001 5473.51565829186 3933.08435833211 0 4518.93716064086 4205.42623625075 3084.95495005576 4490.18331583352 4794.12661458956 5344.05022419063 2462.70960803782
3853.71995071001 3014.62162397363 5162.51028642958 4773.12888674331 3088.38612090594 5571.47385746985 3359.30916804449 4518.93716064086 0 3980.46684978034 5253.19809852517 3866.99353986106 2711.64693218366 6010.72667102564 4920.08029287106
4802.26181654515 3127.90177351182 5475.23912744569 1899.03287994842 3025.28523941303 5291.47229650879 3368.53376229378 4205.42623625075 3980.46684978034 0 3977.65633071786 1645.04153564903 3593.54045060297 5612.51063659766 4410.7120765956
4313.81475236993 4460.98000491637 4796.36067601037 5330.60533116571 2977.37125631211 3313.81596579093 4889.67873839159 3084.95495005576 5253.19809852517 3977.65633071786 0 5048.48625914606 5041.34964366664 4044.21490026569 2393.44067755543
4420.96043144877 3563.64647238723 4428.60892703496 2523.71081495035 4170.3163946691 5220.82253058964 3232.86225511505 4490.18331583352 3866.99353986106 1645.04153564903 5048.48625914606 0 3756.32027768316 5508.63522816048 3924.42687070599
4149.70326933556 4326.44199618488 5583.74185764839 4842.86762808958 3529.53381418376 4397.2184577309 4069.61579468588 4794.12661458956 2711.64693218366 3593.54045060297 5041.34964366664 3756.32027768316 0 3994.40002049461 5100.19443219493
7354.98133783775 5498.34731742679 5911.41659937475 6573.5934910612 4661.59676719571 4476.01502995993 5380.07236128985 5344.05022419063 6010.72667102564 5612.51063659766 4044.21490026569 5508.63522816048 3994.40002049461 0 3687.42437731625
5692.263451529 3652.13215703742 3445.81948781183 5376.28941935855 3225.6634883141 4280.17408048915 2859.34918436645 2462.70960803782 4920.08029287106 4410.7120765956 2393.44067755543 3924.42687070599 5100.19443219493 3687.42437731625 0
