15
0 5248.32240080602 1934.47653147944 3644.80514312969 2624.37183973833 3146.32578640703 3668.76811204301 2851.2612862784 3535.64278976967 4005.80046252928 4050.01635277161 2724.14364757118 5742.6508096125 4079.78393975008 4560.83070211639
5248.32240080602 0 4457.33295589066 4588.54614711105 6045.90424085042 4206.85566368669 6697.1402265326 5679.2241376132 4288.25500959216 3614.15715324352 5181.42786602364 2641.71370507982 6542.74631845424 4390.7983666019 4563.60559936102
1934.47653147944 4457.33295589066 0 3381.87428056634 3372.19019174931 4068.47753662592 5374.25729065535 3593.99899963033 2938.76660651433 4071.32393104985 5638.7589464953 3695.70253570587 7000.0792743449 5720.8124653103 5501.62906624903
3644.80514312969 4588.54614711105 3381.87428056634 0 4161.77920127676 3452.42677091317 5271.7185707364 4743.72786634498 810.324700527272 5411.68097644567 4943.28842739013 4377.59789538568 5959.98403268571 4468.81063246716 5017.97271556921
2624.37183973833 6045.90424085042 3372.19019174931 4161.77920127676 0 4431.59623161849 4874.54149192036 2550.14294350455 4378.53274850602 3665.11037250543 4328.11581391879 4827.36125675659 5618.29219529392 4485.08808943894 3487.53399642281
3146.32578640703 4206.85566368669 4068.47753662592 3452.42677091317 4431.59623161849 0 4358.58258172928 4544.46485184742 3062.54001702345 3877.10034867892 3608.5870789532 2605.84055293046 5144.61606639613 3580.22766889038 4566.75216108422
3668.76811204301 6697.1402265326 5374.25729065535 5271.7185707364 4874.54149192036 4358.58258172928 0 5684.08404717437 5020.90018384482 5302.93335960551 3353.47781957807 4275.3768077692 6063.99567753585 3722.09975335059 4794.36789567421
2851.2612862784 5679.2241376132 3593.99899963033 4743.72786634498 2550.14294350455 4544.46485184742 5684.08404717437 0 4550.49090733108 3896.75208814241 3758.49074049035 3743.58473789502 5617.40702677552 4948.43616311949 3222.80431529042
3535.64278976967 4288.25500959216 2938.76660651433 810.324700527272 4378.53274850602 3062.54001702345 5020.90018384482 4550.49090733108 0 4925.20061700887 4896.51286228692 3577.34836679125 6034.76503800166 4120.78308763754 5237.69409175242
4005.80046252928 3614.15715324352 4071.32393104985 5411.68097644567 3665.11037250543 3877.10034867892 5302.93335960551 3896.75208814241 4925.20061700887 0 2746.37256298817 1767.02646675572 5071.40320539474 5029.90386799952 3584.33083084839
4050.01635277161 5181.42786602364 5638.7589464953 4943.28842739013 4328.11581391879 3608.5870789532 3353.47781957807 3758.49074049035 4896.51286228692 2746.37256298817 0 2539.71416094382 5864.51345187751 4281.85705697865 3329.67037800976
2724.14364757118 2641.71370507982 3695.70253570587 4377.59789538568 4827.36125675659 2605.84055293046 4275.3768077692 3743.58473789502 3577.34836679125 1767.02646675572 2539.71416094382 0 6098.95975723105 3679.07916237054 3222.85979624449
5742.6508096125 6542.74631845424 7000.0792743449 5959.98403268571 5618.29219529392 5144.61606639613 6063.99567753585 5617.40702677552 6034.76503800166 5071.40320539474 5864.51345187751 6098.95975723105 0 5311.606548812 7297.42237796859
4079.78393975008 4390.7983666019 5720.8124653103 4468.81063246716 4485.08808943894 3580.22766889038 3722.09975335059 4948.43616311949 4120.78308763754 5029.90386799952 4281.85705697865 3679.07916237054 5311.606548812 0 4499.86364983919
4560.83070211639 4563.60559936102 5501.62906624903 5017.97271556921 3487.53399642281 4566.75216108422 4794.36789567421 3222.80431529042 5237.69409175242 3584.33083084839 3329.67037800976 3222.85979624449 7297.42237796859 4499.86364983919 0
