15
0 5278.29980151789 3445.9453267019 5072.79192733432 3303.56943389029 4728.94409503453 4596.72720124608 6745.70057102463 3897.77982072457 4617.2366553988 2458.02907258639 4998.23798924116 2229.65311945521 4396.15513558582 3289.94408457157
5278.29980151789 0 3858.84773337416 4741.4345088059 5000.32966977165 4181.80318066832 4516.44955543284 2918.22670045369 5355.95282365275 4536.34102778277 5151.65550389235 3283.56882427338 4420.13733657943 4910.99382323065 2987.92373094361
3445.9453267019 3858.84773337416 0 4896.76493772977 3572.88157526523 2270.33182348689 3646.80911325281 4859.56234427661 4716.93350029479 4333.37883180795 3772.49837633555 3789.65469529618 3285.85132768482 4003.11576732081 1142.47283921315
5072.79192733432 4741.4345088059 4896.76493772977 0 4379.66430144455 5102.79068489134 3055.84535295009 4852.82428858962 3652.47880761784 2360.09154099779 4644.27582326645 3915.43690685124 4411.70318333549 2743.47668799653 3887.5966680661
3303.56943389029 5000.32966977165 3572.88157526523 4379.66430144455 0 4402.59256105331 5089.27280914988 6123.56020714788 2641.25441629866 4092.33518677092 1980.25712801218 5247.01961387958 2159.07076539834 4915.40964493781 3315.94962560158
4728.94409503453 4181.80318066832 2270.33182348689 5102.79068489134 4402.59256105331 0 3816.00946434182 3750.04118377365 5086.01730043172 4471.881388248 5346.74694491167 4637.276996401 4046.38255400062 4063.36367752759 2433.69165889458
4596.72720124608 4516.44955543284 3646.80911325281 3055.84535295009 5089.27280914988 3816.00946434182 0 4504.45335026811 4133.16611991925 3780.80078472143 5429.78995854882 2653.68676988149 5178.31962825919 552.508625098148 3328.2561248566
6745.70057102463 2918.22670045369 4859.56234427661 4852.82428858962 6123.56020714788 3750.04118377365 4504.45335026811 0 6311.45683326449 5236.63840815107 6475.89319047714 4469.25054287915 5796.42004783057 4900.6790655546 4695.98665505608
3897.77982072457 5355.95282365275 4716.93350029479 3652.47880761784 2641.25441629866 5086.01730043172 4133.16611991925 6311.45683326449 0 1980.43303285921 3661.45980474339 4633.206240828 3674.81017533611 3932.594054259 4456.47611695558
4617.2366553988 4536.34102778277 4333.37883180795 2360.09154099779 4092.33518677092 4471.881388248 3780.80078472143 5236.63840815107 1980.43303285921 0 4504.02932404945 4206.81609454367 4096.01965908376 3693.91804290384 4290.14500986557
2458.02907258639 5151.65550389235 3772.49837633555 4644.27582326645 1980.25712801218 5346.74694491167 5429.78995854882 6475.89319047714 3661.45980474339 4504.02932404945 0 4930.22964795212 1857.69816082023 5412.20427268607 3573.67673959835
4998.23798924116 3283.56882427338 3789.65469529618 3915.43690685124 5247.01961387958 4637.276996401 2653.68676988149 4469.25054287915 4633.206240828 4206.81609454367 4930.22964795212 0 5556.52825593598 2950.53654167794 3330.912230996
2229.65311945521 4420.13733657943 3285.85132768482 4411.70318333549 2159.07076539834 4046.38255400062 5178.31962825919 5796.42004783057 3674.81017533611 4096.01965908376 1857.69816082023 5556.52825593598 0 4891.02228215534 3250.34754426403
4396.15513558582 4910.99382323065 4003.11576732081 2743.47668799653 4915.40964493781 4063.36367752759 552.508625098148 4900.6790655546 3932.594054259 3693.91804290384 5412.20427268607 2950.53654167794 4891.02228215534 0 3552.5596516377
3289.94408457157 2987.92373094361 1142.47283921315 3887.5966680661 3315.94962560158 2433.69165889458 3328.2561248566 4695.98665505608 4456.47611695558 4290.14500986557 3573.67673959835 3330.912230996 3250.34754426403 3552.5596516377 0
