15
0 405.767432417098 3418.66669690589 5205.77337837 4103.00472077805 4228.42062871845 3958.25503416737 3306.61651216193 3830.82989176384 4350.53858597678 3895.28752117518 6009.44194868704 6747.59345028327 6103.29344210417 5504.79298608236
405.767432417098 0 3532.72659879674 5077.248945639 4091.65146613294 4346.53695723173 4154.85532972776 3375.7411775527 4027.42944737844 3962.84016464017 3707.52379088717 5791.57444432991 6865.71051874233 5825.00232831235 5395.02117167269
3418.66669690589 3532.72659879674 0 3890.25423304235 3383.53599529115 3457.20103597912 5386.09606652429 2618.36233384592 3783.47621993654 3923.33333178529 5333.69517576075 6254.52374890771 6938.00097984466 5427.98442125696 4537.23999800724
5205.77337837 5077.248945639 3890.25423304235 0 3928.95540878773 4289.62770456919 6745.55582818327 5349.91314337032 5521.25332134379 3935.3637839433 5590.79704709066 6419.72093770154 7770.42764843473 4946.26827809735 5315.65292634891
4103.00472077805 4091.65146613294 3383.53599529115 3928.95540878773 0 3230.71004515161 4763.98390625783 3622.34019289489 2837.33208637 4281.60276609315 6296.12388799484 5091.19937809725 6711.50998901715 6366.17335296053 4594.07541395835
4228.42062871845 4346.53695723173 3457.20103597912 4289.62770456919 3230.71004515161 0 4630.15497197368 3676.18481212298 4444.22894440885 4935.49712634223 4647.91257260971 4480.81213276802 3480.79994386554 6885.17708303087 3207.05263782953
3958.25503416737 4154.85532972776 5386.09606652429 6745.55582818327 4763.98390625783 4630.15497197368 0 4009.71942094333 2127.42977017724 5540.68506712852 4567.40264167088 4149.32921607097 5947.52608275931 6418.45829214398 3998.32145638087
3306.61651216193 3375.7411775527 2618.36233384592 5349.91314337032 3622.34019289489 3676.18481212298 4009.71942094333 0 2537.76661780042 1953.64217730125 4062.70992846048 4367.63157860021 6269.26649570028 5148.36817203815 3542.96489283898
3830.82989176384 4027.42944737844 3783.47621993654 5521.25332134379 2837.33208637 4444.22894440885 2127.42977017724 2537.76661780042 0 4290.39651590289 4010.89969129122 5074.95966763382 7925.02888827439 4291.02954816507 3975.82426189594
4350.53858597678 3962.84016464017 3923.33333178529 3935.3637839433 4281.60276609315 4935.49712634223 5540.68506712852 1953.64217730125 4290.39651590289 0 4593.36265219736 3722.72985109829 7217.09250611323 4254.20055805821 4600.33218211093
3895.28752117518 3707.52379088717 5333.69517576075 5590.79704709066 6296.12388799484 4647.91257260971 4567.40264167088 4062.70992846048 4010.89969129122 4593.36265219736 0 6203.4824767133 8128.66230585209 4360.82987904266 4132.06943312019
6009.44194868704 5791.57444432991 6254.52374890771 6419.72093770154 5091.19937809725 4480.81213276802 4149.32921607097 4367.63157860021 5074.95966763382 3722.72985109829 6203.4824767133 0 4999.99618530273 7365.98921579889 5095.00176007602
6747.59345028327 6865.71051874233 6938.00097984466 7770.42764843473 6711.50998901715 3480.79994386554 5947.52608275931 6269.26649570028 7925.02888827439 7217.09250611323 8128.66230585209 4999.99618530273 0 8365.99303049615 4687.84348699907
6103.29344210417 5825.00232831235 5427.98442125696 4946.26827809735 6366.17335296053 6885.17708303087 6418.45829214398 5148.36817203815 4291.02954816507 4254.20055805821 4360.82987904266 7365.98921579889 8365.99303049615 0 6383.35520803873
5504.79298608236 5395.02117167269 4537.23999800724 5315.65292634891 4594.07541395835 3207.05263782953 3998.32145638087 3542.96489283898 3975.82426189594 4600.33218211093 4132.06943312019 5095.00176007602 4687.84348699907 6383.35520803873 0
