15
0 4233.69744745716 3169.39839766488 3441.87722633499 3707.59977371661 2431.12927274405 4259.97375221647 2756.55081973363 3842.05660298998 4039.09114421417 4698.66041183826 3251.62770236407 3054.3112368528 2606.09733897741 3354.69378023162
4233.69744745716 0 5141.60104377837 4429.62705908717 7251.83735801301 5041.67278879012 6936.58343451845 5012.61060179326 5253.1034264209 4177.8337630126 7116.93102893131 5722.63234228492 7267.52760821364 4250.44615031361 5588.38840729933
3169.39839766488 5141.60104377837 0 4182.58335347325 5236.04773049166 1203.07590593706 4748.93367811205 1974.01200150271 3934.71443238457 4929.54527636109 5051.33836704748 4506.05737217569 3765.09812094574 3924.68286224985 4017.84002183236
3441.87722633499 4429.62705908717 4182.58335347325 0 3492.44514602284 3987.50700633502 3541.30322556234 4730.10845230418 2862.59114593066 3193.77125225388 4473.85815626008 2825.00206364041 3411.34930898914 4518.62786475183 1601.19627785712
3707.59977371661 7251.83735801301 5236.04773049166 3492.44514602284 0 5253.2959597055 2902.1164664905 5579.85177387705 4957.85957326487 5648.03314039388 4250.92130301152 2822.09943048216 3834.46009216361 5717.44986338027 3642.01644745186
2431.12927274405 5041.67278879012 1203.07590593706 3987.50700633502 5253.2959597055 0 4850.48453470533 2116.83088758867 4309.64927233438 4284.60703151885 5561.81214350047 4337.00620731206 3012.58796866756 3717.47842022974 3543.73128275798
4259.97375221647 6936.58343451845 4748.93367811205 3541.30322556234 2902.1164664905 4850.48453470533 0 5232.28598644406 4723.15723965427 6027.16022824073 4448.82050518371 1939.86989581725 4938.72659933597 5141.69589404059 3930.58256045785
2756.55081973363 5012.61060179326 1974.01200150271 4730.10845230418 5579.85177387705 2116.83088758867 5232.28598644406 0 4211.64611365173 4799.83924874685 5558.42368478759 4764.11494181796 3646.67446751061 2858.30279163531 4342.4087836622
3842.05660298998 5253.1034264209 3934.71443238457 2862.59114593066 4957.85957326487 4309.64927233438 4723.15723965427 4211.64611365173 0 2342.00514985355 4949.92935444483 3618.30461094254 5078.09314469637 3290.30461649956 2843.13982035142
4039.09114421417 4177.8337630126 4929.54527636109 3193.77125225388 5648.03314039388 4284.60703151885 6027.16022824073 4799.83924874685 2342.00514985355 0 5401.58640717142 5085.20974772323 5089.69384520104 4778.59816162602 3068.22765202144
4698.66041183826 7116.93102893131 5051.33836704748 4473.85815626008 4250.92130301152 5561.81214350047 4448.82050518371 5558.42368478759 4949.92935444483 5401.58640717142 0 3308.88073130717 3251.69967756921 5006.34162569858 4659.47802312413
3251.62770236407 5722.63234228492 4506.05737217569 2825.00206364041 2822.09943048216 4337.00620731206 1939.86989581725 4764.11494181796 3618.30461094254 5085.20974772323 3308.88073130717 0 4130.02099226475 3937.65559729015 4100.92468728686
3054.3112368528 7267.52760821364 3765.09812094574 3411.34930898914 3834.46009216361 3012.58796866756 4938.72659933597 3646.67446751061 5078.09314469637 5089.69384520104 3251.69967756921 4130.02099226475 0 5570.74336055191 2961.74552119929
2606.09733897741 4250.44615031361 3924.68286224985 4518.62786475183 5717.44986338027 3717.47842022974 5141.69589404059 2858.30279163531 3290.30461649956 4778.59816162602 5006.34162569858 3937.65559729015 5570.74336055191 0 4189.15223781234
3354.69378023162 5588.38840729933 4017.84002183236 1601.19627785712 3642.01644745186 3543.73128275798 3930.58256045785 4342.4087836622 2843.13982035142 3068.22765202144 4659.47802312413 4100.92468728686 2961.74552119929 4189.15223781234 0
