15
0 3581.71634028615 3340.64381051858 3188.99108746289 4308.11112588607 5105.6772274849 6245.66917674678 4663.8982286258 5340.66724682734 4307.65750309515 5972.10935865204 2643.95240221616 2051.97950961931 3975.20002077433 4360.00260719452
3581.71634028615 0 5593.16813214704 3730.18143548942 6010.62691136322 3616.71110820277 7081.78147440151 6258.02034148369 4406.84004537267 4168.08080950242 5148.76688732994 4225.652555362 4593.18166543729 4593.21766376328 4678.5389396478
3340.64381051858 5593.16813214704 0 6136.99804455333 5642.52167292304 8446.32103800348 8511.38665774553 5441.30349011895 5999.97656369123 5043.79052857739 9312.75316917061 5367.51557678504 4999.98646670974 6999.95046838376 7189.86975806063
3188.99108746289 3730.18143548942 6136.99804455333 0 3124.21438555838 4142.016995343 3351.60003891208 3863.28363840545 4137.02148086209 3002.90406938921 4447.06450177482 2769.48246776829 1137.01157784358 1137.04757616957 2947.1282864927
4308.11112588607 6010.62691136322 5642.52167292304 3124.21438555838 0 5015.36768240178 4473.1401836465 1122.38930679623 4417.44651750048 2408.07099917358 3857.69389863806 3914.33778559452 3677.5831069696 3546.84938466124 4145.73644863229
5105.6772274849 3616.71110820277 8446.32103800348 4142.016995343 5015.36768240178 0 5996.87514235741 4902.97749461231 6415.17751110194 5689.08704982759 4141.10599008494 3610.61503428682 4609.96827562656 3141.80905011122 5225.28866555149
6245.66917674678 7081.78147440151 8511.38665774553 3351.60003891208 4473.1401836465 5996.87514235741 0 5490.22215296404 5193.68637922408 4701.81261542231 3197.6977951206 5826.17674419249 4488.59980896422 4488.56381063823 4003.82144355447
4663.8982286258 6258.02034148369 5441.30349011895 3863.28363840545 1122.38930679623 4902.97749461231 5490.22215296404 0 5191.93925709277 3146.97069200493 4286.11979866976 4192.60202693517 4440.51004038412 3870.40906477866 4920.23179558673
5340.66724682734 4406.84004537267 5999.97656369123 4137.02148086209 4417.44651750048 6415.17751110194 5193.68637922408 5191.93925709277 0 2587.92824752504 5604.50535610903 5367.53901309381 5000.00990301851 5000.03943756747 1189.8931943694
4307.65750309515 4168.08080950242 5043.79052857739 3002.90406938921 2408.07099917358 5689.08704982759 4701.81261542231 3146.97069200493 2587.92824752504 0 4268.96264059322 4328.32319293464 4139.90578539621 4056.92630647735 3777.80713409395
5972.10935865204 5148.76688732994 9312.75316917061 4447.06450177482 3857.69389863806 4141.10599008494 3197.6977951206 4286.11979866976 5604.50535610903 4268.96264059322 0 5656.95848302199 5584.07058765466 4727.42020582902 4444.61152117219
2643.95240221616 4225.652555362 5367.51557678504 2769.48246776829 3914.33778559452 3610.61503428682 5826.17674419249 4192.60202693517 5367.53901309381 4328.32319293464 5656.95848302199 0 3632.48269771616 1632.51869604214 4360.76321199349
2051.97950961931 4593.18166543729 4999.98646670974 1137.01157784358 3677.5831069696 4609.96827562656 4488.59980896422 4440.51004038412 5000.00990301851 4139.90578539621 5584.07058765466 3632.48269771616 0 2000.03599832598 3810.12851644056
3975.20002077433 4593.21766376328 6999.95046838376 1137.04757616957 3546.84938466124 3141.80905011122 4488.56381063823 3870.40906477866 5000.03943756747 4056.92630647735 4727.42020582902 1632.51869604214 2000.03599832598 0 3810.16451476655
4360.00260719452 4678.5389396478 7189.86975806063 2947.1282864927 4145.73644863229 5225.28866555149 4003.82144355447 4920.23179558673 1189.8931943694 3777.80713409395 4444.61152117219 4360.76321199349 3810.12851644056 3810.16451476655 0
