15
0 3251.75302803627 6203.31979245579 4195.71932791754 4666.46162936591 3227.663401512 4533.72754176208 2472.16005508076 4802.18501530798 3276.21522354067 5240.68876408708 515.678537226828 3206.46657257758 5636.03530992894 3776.57952803138
3251.75302803627 0 6612.94219229435 5164.1305408406 5847.93683338137 3668.17487735366 3610.718400191 2477.18491626747 3612.94219229435 2614.65688067088 4993.95189898807 3613.16717083072 3612.94219229435 6247.83143836044 3923.61128126239
6203.31979245579 6612.94219229435 0 3537.68504803734 2797.79298381153 5055.23268505931 3869.74938945903 4526.78437999332 5000 4001.71468837652 5637.21012029637 5824.4914171117 5000 1843.95717603279 4752.44274416185
4195.71932791754 5164.1305408406 3537.68504803734 0 1620.56618528633 4347.2744451259 4582.00565207667 3493.96438983324 4772.16345173697 3230.08838515609 5629.88521468355 4182.93809217299 5085.16358789404 1750.89885691939 4387.82939013255
4666.46162936591 5847.93683338137 2797.79298381153 1620.56618528633 0 5663.55725508087 3614.65552286609 3761.77902108034 4859.2677967327 4176.85169109371 5122.0019578186 4287.63354052993 5563.4005569617 976.654366069483 4345.19669571353
3227.663401512 3668.17487735366 5055.23268505931 4347.2744451259 5663.55725508087 0 5397.43474608467 4447.55695518429 4055.23268505931 3056.94737343583 5430.06914607536 3725.92961203534 4055.23268505931 5032.71444716833 4415.07765942067
4533.72754176208 3610.718400191 3869.74938945903 4582.00565207667 3614.65552286609 5397.43474608467 0 4258.52214477876 4769.62810041988 5771.34019855003 3511.50950520001 4385.99692503479 4411.86842234156 3999.1527715591 2955.66450989342
2472.16005508076 2477.18491626747 4526.78437999332 3493.96438983324 3761.77902108034 4447.55695518429 4258.52214477876 0 3901.33495214555 1785.06606246795 5608.4882176877 2335.17034774645 2602.02908314621 4161.6736260594 4411.29141604015
4802.18501530798 3612.94219229435 5000 4772.16345173697 4859.2677967327 4055.23268505931 4769.62810041988 3901.33495214555 0 3001.71468837652 4281.13501537352 5147.0233348687 4000 4148.2605898175 5968.70128252677
3276.21522354067 2614.65688067088 4001.71468837652 3230.08838515609 4176.85169109371 3056.94737343583 5771.34019855003 1785.06606246795 3001.71468837652 0 7282.84970375004 3513.27126373653 3001.71468837652 3811.65637233924 5865.13716628864
5240.68876408708 4993.95189898807 5637.21012029637 5629.88521468355 5122.0019578186 5430.06914607536 3511.50950520001 5608.4882176877 4281.13501537352 7282.84970375004 0 5159.32226346249 5018.7613560932 5659.73401180923 2115.59164364724
515.678537226828 3613.16717083072 5824.4914171117 4182.93809217299 4287.63354052993 3725.92961203534 4385.99692503479 2335.17034774645 5147.0233348687 3513.27126373653 5159.32226346249 0 3259.98536332659 5257.20722109296 3628.84872585447
3206.46657257758 3612.94219229435 5000 5085.16358789404 5563.4005569617 4055.23268505931 4411.86842234156 2602.02908314621 4000 3001.71468837652 5018.7613560932 3259.98536332659 0 5249.8722294879 5084.1230148701
5636.03530992894 6247.83143836044 1843.95717603279 1750.89885691939 976.654366069483 5032.71444716833 3999.1527715591 4161.6736260594 4148.2605898175 3811.65637233924 5659.73401180923 5257.20722109296 5249.8722294879 0 5071.41129101516
3776.57952803138 3923.61128126239 4752.44274416185 4387.82939013255 4345.19669571353 4415.07765942067 2955.66450989342 4411.29141604015 5968.70128252677 5865.13716628864 2115.59164364724 3628.84872585447 5084.1230148701 5071.41129101516 0
