15
0 5158.58255629922 5338.66348289539 3550.49302093123 8093.06947006277 5521.33486337855 4182.57365833068 5469.88520657929 5039.24658526369 5520.78528249395 5826.26837672883 3937.03165708599 4735.89360293851 6795.41970273592 4521.46586600738
5158.58255629922 0 7287.34700979302 5538.21061661609 7612.57404853794 4694.07446849712 7519.15192619192 4768.95967657995 4913.17883248196 5387.6651534394 2914.44400863063 3553.43139292917 3894.12852359474 6654.03618293351 1445.7809526598
5338.66348289539 7287.34700979302 0 2541.01953320367 4999.98564130374 5747.45520409616 4390.35706267842 4371.33261006432 4095.25318596518 5601.603233169 5967.81139749588 6650.43026795835 4940.80018178982 7999.99517334027 6523.3933724218
3550.49302093123 5538.21061661609 2541.01953320367 0 4542.5855890076 5364.33798525082 5727.441792857 4711.18928815461 4727.64551642241 4734.39210464797 5655.09388964116 4637.17680076952 4406.73397423306 8137.5099035699 4907.00001428749
8093.06947006277 7612.57404853794 4999.98564130374 4542.5855890076 0 7252.54389581104 7390.35807464089 7371.31825136806 7796.26324406906 5603.90939218918 6973.04635670646 7672.67098203435 7990.60418732834 6999.99618530273 8605.59811278206
5521.33486337855 4694.07446849712 5747.45520409616 5364.33798525082 7252.54389581104 0 5357.08277075901 2623.87740596816 4390.48670124485 3332.9311320905 1779.63045986648 5136.05214286714 2817.89852015803 5747.44466009716 3728.65283797174
4182.57365833068 7519.15192619192 4390.35706267842 5727.441792857 7390.35807464089 5357.08277075901 0 5980.96017672717 4697.96172690183 5165.86743437848 5636.58030986359 6378.84465817666 4619.02247924171 3609.63811066185 6524.28494975253
5469.88520657929 4768.95967657995 4371.33261006432 4711.18928815461 7371.31825136806 2623.87740596816 5980.96017672717 0 3071.54194669715 4379.08809299012 2914.64814073008 4355.07399431441 3063.32712428495 7628.67030454014 3937.47311487715
5039.24658526369 4913.17883248196 4095.25318596518 4727.64551642241 7796.26324406906 4390.48670124485 4697.96172690183 3071.54194669715 0 3550.73157583952 4840.3990045629 4404.71108260799 3868.50443420699 5065.85044125102 3771.65563175832
5520.78528249395 5387.6651534394 5601.603233169 4734.39210464797 5603.90939218918 3332.9311320905 5165.86743437848 4379.08809299012 3550.73157583952 0 4983.01092383246 4521.33056878379 3637.24511481117 4228.87662809637 4230.24250668926
5826.26837672883 2914.44400863063 5967.81139749588 5655.09388964116 6973.04635670646 1779.63045986648 5636.58030986359 2914.64814073008 4840.3990045629 4983.01092383246 0 5426.81611064469 3108.66925491995 7456.66629594071 3969.78755131249
3937.03165708599 3553.43139292917 6650.43026795835 4637.17680076952 7672.67098203435 5136.05214286714 6378.84465817666 4355.07399431441 4404.71108260799 4521.33056878379 5426.81611064469 0 2805.91191668392 4722.16653883983 2435.44013824011
4735.89360293851 3894.12852359474 4940.80018178982 4406.73397423306 7990.60418732834 2817.89852015803 4619.02247924171 3063.32712428495 3868.50443420699 3637.24511481117 3108.66925491995 2805.91191668392 0 4565.34318025519 3069.00533320352
6795.41970273592 6654.03618293351 7999.99517334027 8137.5099035699 6999.99618530273 5747.44466009716 3609.63811066185 7628.67030454014 5065.85044125102 4228.87662809637 7456.66629594071 4722.16653883983 4565.34318025519 0 5230.5186761863
4521.46586600738 1445.7809526598 6523.3933724218 4907.00001428749 8605.59811278206 3728.65283797174 6524.28494975253 3937.47311487715 3771.65563175832 4230.24250668926 3969.78755131249 2435.44013824011 3069.00533320352 5230.5186761863 0
