15
0 6688.93530114151 6462.94886722084 5680.12218359857 6005.67165017128 7316.69710600846 5999.99618530273 5234.63335868458 5661.90821149199 6703.38618969953 6138.61337550433 4719.30750340071 5963.97737045783 4580.71617427217 4567.20463141611
6688.93530114151 0 2994.55402071432 5035.34843167331 4041.64386728799 4510.708315847 7018.31606288023 4250.29854981669 4567.03714624412 4330.10406000764 4527.51178529708 4374.25695915606 3704.27946665318 3481.22169320334 3956.16152373489
6462.94886722084 2994.55402071432 0 3899.07479974112 4287.10447681616 2968.32951407127 5166.51346955273 4465.72386701573 4578.99479709564 2897.70409175631 3865.41822655419 5175.87007181294 3201.88492565615 4116.43800367024 3714.22983040021
5680.12218359857 5035.34843167331 3899.07479974112 0 2325.54946657271 3636.5749224099 6319.87400170417 4388.96127357127 4198.64827391293 5183.79446275764 3741.84677388617 3739.04975783141 3272.98609399503 2900.59399067361 2887.08244781754
6005.67165017128 4041.64386728799 4287.10447681616 2325.54946657271 0 5322.36875617974 4903.7871658802 4714.49265130755 4524.17423219764 5747.45806807296 4067.3909758679 4689.71000646655 4958.77992776488 2586.38782444345 2572.87628158739
7316.69710600846 4510.708315847 2968.32951407127 3636.5749224099 5322.36875617974 0 6683.29907929427 5542.38469378733 5114.88452669446 2181.47332693764 4296.09261931326 5621.22067390292 3352.71973555063 5897.41328028064 4749.49247459236
5999.99618530273 7018.31606288023 5166.51346955273 6319.87400170417 4903.7871658802 6683.29907929427 0 5298.21316112469 5002.90332604169 5337.62365000096 5861.3828097984 6079.64589603408 6036.01881484491 6580.71235957491 4567.20081671884
5234.63335868458 4250.29854981669 4465.72386701573 4388.96127357127 4714.49265130755 5542.38469378733 5298.21316112469 0 427.819589949122 3765.07696851489 3510.8616434787 4513.64691048571 5345.45086039416 4075.88215672496 4562.52584171327
5661.90821149199 4567.03714624412 4578.99479709564 4198.64827391293 4524.17423219764 5114.88452669446 5002.90332604169 427.819589949122 0 3337.57150806827 3194.98708095144 4336.51261683574 5661.33084237297 4481.95898192496 4282.56073597546
6703.38618969953 4330.10406000764 2897.70409175631 5183.79446275764 5747.45806807296 2181.47332693764 5337.62365000096 3765.07696851489 3337.57150806827 0 3885.39230481529 5397.45684730888 5534.19306248827 6120.97201696354 5174.59481020323
6138.61337550433 4527.51178529708 3865.41822655419 3741.84677388617 4067.3909758679 4296.09261931326 5861.3828097984 3510.8616434787 3194.98708095144 3885.39230481529 0 2659.91710119984 6097.74721982978 3481.00841601543 4628.92922170371
4719.30750340071 4374.25695915606 5175.87007181294 3739.04975783141 4689.71000646655 5621.22067390292 6079.64589603408 4513.64691048571 4336.51261683574 5397.45684730888 2659.91710119984 0 4364.77061261075 4103.32218202309 2882.84600556551
5963.97737045783 3704.27946665318 3201.88492565615 3272.98609399503 4958.77992776488 3352.71973555063 6036.01881484491 5345.45086039416 5661.33084237297 5534.19306248827 6097.74721982978 4364.77061261075 0 4544.69354473 2385.90364617749
4580.71617427217 3481.22169320334 4116.43800367024 2900.59399067361 2586.38782444345 5897.41328028064 6580.71235957491 4075.88215672496 4481.95898192496 6120.97201696354 3481.00841601543 4103.32218202309 4544.69354473 0 3147.92080568828
4567.20463141611 3956.16152373489 3714.22983040021 2887.08244781754 2572.87628158739 4749.49247459236 4567.20081671884 4562.52584171327 4282.56073597546 5174.59481020323 4628.92922170371 2882.84600556551 2385.90364617749 3147.92080568828 0
