15
0 3695.48067618733 3713.33823540645 7526.76480965622 6844.98252927354 5930.6789764259 7207.55803585052 7032.55714786153 2000 5266.67329231119 6731.58475944954 7474.68055190511 5246.41522175964 4668.91865140271 3162.83247036839
3695.48067618733 0 2910.23249826904 4477.06723029416 3329.26776379219 4403.30695068747 4198.82848690624 3337.0764716742 3695.48067618733 2976.64069932444 3892.29361287187 3779.19987571778 2941.9035273415 2896.26858378817 3467.36147164671
3713.33823540645 2910.23249826904 0 4302.56055199735 3881.64242374787 3965.15559296011 5450.23733546697 3825.37333812686 3356.37926881016 3279.05141462832 4908.85164645626 4076.0508375016 3463.97464145207 3009.39744472593 4032.89619892307
7526.76480965622 4477.06723029416 4302.56055199735 0 1587.24472563996 4592.69927343764 6705.111603204 2907.717914335 7463.52089284184 4353.28315191046 4166.90611087245 995.268256285378 4926.11713425056 3945.84720392223 4692.64647163523
6844.98252927354 3329.26776379219 3881.64242374787 1587.24472563996 0 4294.31925803803 6641.70392527185 2605.62320512159 7014.62995221122 4041.62288292498 4636.11610489455 775.639186170083 3778.3245332376 2833.47878036131 4609.28204456163
5930.6789764259 4403.30695068747 3965.15559296011 4592.69927343764 4294.31925803803 0 4420.42859913593 4403.79346589977 6541.56937742054 1655.07410397889 5468.70991113225 4596.72732034859 4139.95206847907 3901.94115629535 4805.19202045985
7207.55803585052 4198.82848690624 5450.23733546697 6705.111603204 6641.70392527185 4420.42859913593 0 4036.081775738 5207.55803585052 3750.36303873995 4594.92212373453 6384.98390215437 6038.85718590911 5456.25432328791 6393.39814786083
7032.55714786153 3337.0764716742 3825.37333812686 2907.717914335 2605.62320512159 4403.79346589977 4036.081775738 0 6141.7649832499 4281.52166846383 4601.32686660948 2348.90212641636 5553.57663557886 4648.8088470499 5030.8616602116
2000 3695.48067618733 3356.37926881016 7463.52089284184 7014.62995221122 6541.56937742054 5207.55803585052 6141.7649832499 0 5599.5850262152 5531.54992749955 7052.38823929173 5246.41522175964 4519.93823316747 4624.26364935004
5266.67329231119 2976.64069932444 3279.05141462832 4353.28315191046 4041.62288292498 1655.07410397889 3750.36303873995 4281.52166846383 5599.5850262152 0 5213.39044460566 4230.90248740779 3415.80062313769 3200.32298247811 4127.97305401587
6731.58475944954 3892.29361287187 4908.85164645626 4166.90611087245 4636.11610489455 5468.70991113225 4594.92212373453 4601.32686660948 5531.54992749955 5213.39044460566 0 4626.60241111772 6521.89807667836 4704.2051435125 4577.53804329718
7474.68055190511 3779.19987571778 4076.0508375016 995.268256285378 775.639186170083 4596.72732034859 6384.98390215437 2348.90212641636 7052.38823929173 4230.90248740779 4626.60241111772 0 4228.25770075094 3290.49012535847 4843.95492507766
5246.41522175964 2941.9035273415 3463.97464145207 4926.11713425056 3778.3245332376 4139.95206847907 6038.85718590911 5553.57663557886 5246.41522175964 3415.80062313769 6521.89807667836 4228.25770075094 0 3838.16820447158 5088.18018123716
4668.91865140271 2896.26858378817 3009.39744472593 3945.84720392223 2833.47878036131 3901.94115629535 5456.25432328791 4648.8088470499 4519.93823316747 3200.32298247811 4704.2051435125 3290.49012535847 3838.16820447158 0 3942.66321862822
3162.83247036839 3467.36147164671 4032.89619892307 4692.64647163523 4609.28204456163 4805.19202045985 6393.39814786083 5030.8616602116 4624.26364935004 4127.97305401587 4577.53804329718 4843.95492507766 5088.18018123716 3942.66321862822 0
