15
0 2607.90020380876 5021.88628676508 4249.23054374847 2922.26336142304 2809.78724154846 3393.71311906738 3852.87273484658 4571.92508464531 4730.5010826751 4433.34458764567 4666.42359990156 4860.23447468955 5365.9839927719 5578.84092548281
2607.90020380876 0 3367.15271095422 2473.55070430272 445.92745739257 4342.49362169736 2737.42336780256 4165.59182670831 5099.41076568327 4916.13541663958 5005.3939149997 4634.88273225994 4842.60123368214 6619.84387040138 4583.93417922766
5021.88628676508 3367.15271095422 0 3574.72637772956 3052.78955333994 4858.58162346543 4846.81691629396 5089.61603584748 1767.40177549159 5661.52551026725 3652.5666877208 3935.02111869554 5330.14885332052 6978.46929729438 3656.97321401432
4249.23054374847 2473.55070430272 3574.72637772956 0 2159.18754668844 3400.69737906289 4296.07895981119 4009.13924889961 4113.24932761787 3999.05839705579 3554.68634933116 5844.04253704727 3609.56432904676 6797.3368450679 2572.26857055536
2922.26336142304 445.92745739257 3052.78955333994 2159.18754668844 0 4152.51100466107 2547.44075076627 3719.67122774435 4653.4833082907 4470.22362062572 4559.46671072769 4576.48024196689 4396.68616286527 7065.77132779395 4161.92772758924
2809.78724154846 4342.49362169736 4858.58162346543 3400.69737906289 4152.51100466107 0 2828.56416793793 4923.52676582189 4139.79439417082 4844.26517722042 4277.17979182427 4799.77129147721 4399.09543434334 5330.08694392978 3818.99274338701
3393.71311906738 2737.42336780256 4846.81691629396 4296.07895981119 2547.44075076627 2828.56416793793 0 5176.87446670014 5511.7672225004 5867.35996908016 6378.05225272485 4876.08081943595 5331.57141326184 7613.22609335607 5482.90866224884
3852.87273484658 4165.59182670831 5089.61603584748 4009.13924889961 3719.67122774435 4923.52676582189 5176.87446670014 0 3696.01408530528 2309.5206842286 4010.61915185834 6883.12574376144 2625.63903764684 5846.00358981286 5943.7420253721
4571.92508464531 5099.41076568327 1767.40177549159 4113.24932761787 4653.4833082907 4139.79439417082 5511.7672225004 3696.01408530528 0 4191.53221936308 2807.73092263299 5205.38034149292 3860.15556241635 6874.10375753646 4288.07012832636
4730.5010826751 4916.13541663958 5661.52551026725 3999.05839705579 4470.22362062572 4844.26517722042 5867.35996908016 2309.5206842286 4191.53221936308 0 3758.77147671173 5751.32154894738 648.444403940465 6112.70379649857 5517.82441626625
4433.34458764567 5005.3939149997 3652.5666877208 3554.68634933116 4559.46671072769 4277.17979182427 6378.05225272485 4010.61915185834 2807.73092263299 3758.77147671173 0 4113.57446339018 4037.59052594214 5661.40376474531 3755.08529859583
4666.42359990156 4634.88273225994 3935.02111869554 5844.04253704727 4576.48024196689 4799.77129147721 4876.08081943595 6883.12574376144 5205.38034149292 5751.32154894738 4113.57446339018 0 5407.5304265752 6489.29108582706 4233.51496022065
4860.23447468955 4842.60123368214 5330.14885332052 3609.56432904676 4396.68616286527 4399.09543434334 5331.57141326184 2625.63903764684 3860.15556241635 648.444403940465 4037.59052594214 5407.5304265752 0 6636.07979253569 5174.03001909105
5365.9839927719 6619.84387040138 6978.46929729438 6797.3368450679 7065.77132779395 5330.08694392978 7613.22609335607 5846.00358981286 6874.10375753646 6112.70379649857 5661.40376474531 6489.29108582706 6636.07979253569 0 7198.12803277661
5578.84092548281 4583.93417922766 3656.97321401432 2572.26857055536 4161.92772758924 3818.99274338701 5482.90866224884 5943.7420253721 4288.07012832636 5517.82441626625 3755.08529859583 4233.51496022065 5174.03001909105 7198.12803277661 0
