15
0 4364.13472801022 3612.93905264675 5886.89799910322 4763.75078337966 6999.95042755472 5380.77754658306 4000.03138215425 6541.11560866002 5000.03017260269 4815.89267218528 4338.63474718376 4632.43887549665 6181.87433251071 6549.32628620807
4364.13472801022 0 6501.66910016177 4378.53161743799 4497.18164848683 5796.23748458675 5227.16781648806 2364.10619633333 5113.76649938874 2470.70482127139 4186.05252193554 2876.0229907666 467.599010501306 5352.40024745338 5247.21310971957
3612.93905264675 6501.66910016177 0 4485.55924943235 4993.95267512049 5387.09526100946 3283.78856703379 5612.89782011464 5497.87721369816 6612.89467361222 5245.20707453357 3807.5552074905 6682.2461154641 4151.06071541095 2936.38723356132
5886.89799910322 4378.53161743799 4485.55924943235 0 3881.82641919793 2636.01374748127 2717.53262264813 4132.96874698702 2370.15891805677 4978.7365941111 3565.10344572993 2145.92406627915 4290.75278862329 3647.00433357698 3350.79202809732
4763.75078337966 4497.18164848683 4993.95267512049 3881.82641919793 0 4925.19912146728 4027.09228261489 4090.41693617973 4381.16734953961 5005.21973934397 4824.18221152141 3586.60644303916 4029.58276369043 2782.40389178983 3828.40852682233
6999.95042755472 5796.23748458675 5387.09526100946 2636.01374748127 4925.19912146728 0 4731.77776526147 4999.99166008683 682.470985198005 5999.99480658926 5147.12714446086 3038.55046129076 6170.3471525619 4437.97903493566 3597.88335662437
5380.77754658306 5227.16781648806 3283.78856703379 2717.53262264813 4027.09228261489 4731.77776526147 0 4681.60046019384 4513.88152825805 5681.60360669626 4071.52903279249 2810.72131338226 5001.18233589691 3671.14474490375 3168.5494204018
4000.03138215425 2364.10619633333 5612.89782011464 4132.96874698702 4090.41693617973 4999.99166008683 4681.60046019384 0 4763.56267998097 1000.00314650242 3275.09665193239 2338.60336502951 2811.47328187244 5520.23596101242 4839.3053721427
6541.11560866002 5113.76649938874 5497.87721369816 2370.15891805677 4381.16734953961 682.470985198005 4513.88152825805 4763.56267998097 0 5539.92966018009 4464.6576126172 3149.3338673338 5487.87616736389 4326.3557952325 3587.27236202037
5000.03017260269 2470.70482127139 6612.89467361222 4978.7365941111 5005.21973934397 5999.99480658926 5681.60360669626 1000.00314650242 5539.92966018009 0 2275.09786148395 3338.60457458107 2937.57282419649 6520.23717056398 5717.91363440156
4815.89267218528 4186.05252193554 5245.20707453357 3565.10344572993 4824.18221152141 5147.12714446086 4071.52903279249 3275.09665193239 4464.6576126172 2275.09786148395 0 3236.53562974513 3898.32333580455 5322.91988909921 4830.88693056539
4338.63474718376 2876.0229907666 3807.5552074905 2145.92406627915 3586.60644303916 3038.55046129076 2810.72131338226 2338.60336502951 3149.3338673338 3338.60457458107 3236.53562974513 0 3150.31807047174 3440.19557222655 3291.98790309374
4632.43887549665 467.599010501306 6682.2461154641 4290.75278862329 4029.58276369043 6170.3471525619 5001.18233589691 2811.47328187244 5487.87616736389 2937.57282419649 3898.32333580455 3150.31807047174 0 4969.16239542691 5192.46183543366
6181.87433251071 5352.40024745338 4151.06071541095 3647.00433357698 2782.40389178983 4437.97903493566 3671.14474490375 5520.23596101242 4326.3557952325 6520.23717056398 5322.91988909921 3440.19557222655 4969.16239542691 0 2601.25888870053
6549.32628620807 5247.21310971957 2936.38723356132 3350.79202809732 3828.40852682233 3597.88335662437 3168.5494204018 4839.3053721427 3587.27236202037 5717.91363440156 4830.88693056539 3291.98790309374 5192.46183543366 2601.25888870053 0
