15
0 1548.17240911738 4712.54681016533 3091.15985039283 898.420889164048 4182.68833829281 3990.73788917797 3165.60006287384 1441.01250645193 1997.58576773007 1240.02786103736 3449.03606309757 4520.64170792459 4061.78549117709 5442.57722742126
1548.17240911738 0 4481.38080563587 3757.32489452157 1564.58593329279 5691.27005821034 5418.29657360947 3328.0607983602 107.169086810245 2386.01610285206 1906.1929051661 4099.1363460198 4145.52333620415 3635.23957618433 5894.40481830388
4712.54681016533 4481.38080563587 0 4290.77245611652 4313.34176253784 4676.28223009338 4552.44207654174 4157.1654392066 4588.54516083358 3117.28498332665 3644.38693124673 4294.51480141598 5551.40365544025 1141.1920713863 3851.67572842916
3091.15985039283 3757.32489452157 4290.77245611652 0 2192.73896122878 4136.66151233101 5064.48293475163 2360.81945808138 3650.16499185613 3749.30936676364 3449.18034644155 4017.64884413456 6639.61307673698 4565.92454885284 6827.9728572616
898.420889164048 1564.58593329279 4313.34176253784 2192.73896122878 0 4342.61327042043 4608.31097329381 2390.01954537413 1457.42603062734 2013.99929190547 1256.44138521277 2550.61517393353 4504.22818374918 4290.82986337107 5458.99075159667
4182.68833829281 5691.27005821034 4676.28223009338 4136.66151233101 4342.61327042043 0 2172.84270656722 4583.14715406444 5584.10910809531 4079.95859600455 3950.95308561733 5220.18601385678 5745.01667287202 4762.09446801827 4697.72179102077
3990.73788917797 5418.29657360947 4552.44207654174 5064.48293475163 4608.31097329381 2172.84270656722 0 5232.53361581479 5311.1299356701 3197.46548517914 3512.10620234746 5324.10609384091 4516.3254633538 4145.73054883384 2524.88609671682
3165.60006287384 3328.0607983602 4157.1654392066 2360.81945808138 2390.01954537413 4583.14715406444 5232.53361581479 0 3220.89878400722 4003.44375660852 3523.62055892256 2940.63013436842 6344.26041982329 4360.97368947022 6759.9307864672
1441.01250645193 107.169086810245 4588.54516083358 3650.16499185613 1457.42603062734 5584.10910809531 5311.1299356701 3220.89878400722 0 2278.85620018661 1799.03300250066 4008.03274079044 4038.3634335387 3742.40358365948 6001.56472096933
1997.58576773007 2386.01610285206 3117.28498332665 3749.30936676364 2013.99929190547 4079.95859600455 3197.46548517914 4003.44375660852 2278.85620018661 0 757.557906692704 2564.614465839 4240.49276664791 2398.44451664077 3722.72616869794
1240.02786103736 1906.1929051661 3644.38693124673 3449.18034644155 1256.44138521277 3950.95308561733 3512.10620234746 3523.62055892256 1799.03300250066 757.557906692704 0 2209.00820206021 4162.62121187587 3071.43936427942 4202.5493663839
3449.03606309757 4099.1363460198 4294.51480141598 4017.64884413456 2550.61517393353 5220.18601385678 5324.10609384091 2940.63013436842 4008.03274079044 2564.614465839 2209.00820206021 0 3969.67777102217 4054.76616005794 5993.54116432369
4520.64170792459 4145.52333620415 5551.40365544025 6639.61307673698 4504.22818374918 5745.01667287202 4516.3254633538 6344.26041982329 4038.3634335387 4240.49276664791 4162.62121187587 3969.67777102217 0 5050.02132772604 5963.21893534585
4061.78549117709 3635.23957618433 1141.1920713863 4565.92454885284 4290.82986337107 4762.09446801827 4145.73054883384 4360.97368947022 3742.40358365948 2398.44451664077 3071.43936427942 4054.76616005794 5050.02132772604 0 4038.71880694779
5442.57722742126 5894.40481830388 3851.67572842916 6827.9728572616 5458.99075159667 4697.72179102077 2524.88609671682 6759.9307864672 6001.56472096933 3722.72616869794 4202.5493663839 5993.54116432369 5963.21893534585 4038.71880694779 0
