15
0 2698.94290489139 4540.3704644382 5364.50053592301 4712.62513908717 4479.20599998759 6538.77295680324 4706.82215953627 4996.43646434925 5043.30078186372 4175.45759090012 1279.66310746507 5356.28742078077 4540.52641310944 3892.96547369069
2698.94290489139 0 4801.26752442747 5173.25038601 5240.1792392595 4098.46497306443 6658.12112539637 3316.14534234357 5984.31163647906 5396.6728198746 4988.5098221684 3925.62574320432 3786.67309977419 4691.12522230948 3631.61439279946
4540.3704644382 4801.26752442747 0 3304.95041962716 3924.25903370596 6121.12355783802 4091.23335269216 5213.32606354813 4887.23074253839 3303.49092792329 2996.82114515668 4050.2256843852 2556.90235645055 4129.07810656936 3884.51817145227
5364.50053592301 5173.25038601 3304.95041962716 0 3179.1960705066 6154.20520081943 4771.82535082102 3063.31087011495 5288.84689779679 1605.26601705581 2373.85873302011 5433.36619519946 3579.44029154211 4525.92199660181 1734.49899851683
4712.62513908717 5240.1792392595 3924.25903370596 3179.1960705066 0 5983.45212077825 6251.85017378418 3759.99797145597 5654.45644467687 3467.74646723795 1239.77627144878 4658.97018419548 3876.6385371345 3696.77977339324 2913.69506902343
4479.20599998759 4098.46497306443 6121.12355783802 6154.20520081943 5983.45212077825 0 5765.49431578193 3091.25757415358 5006.31173484627 6320.27192568546 5734.44297516385 5038.40587464258 5863.63147309299 4240.86134622117 4419.70656812865
6538.77295680324 6658.12112539637 4091.23335269216 4771.82535082102 6251.85017378418 5765.49431578193 0 5834.75617956719 6834.59948090477 5647.90151498143 5826.84582015079 6438.98027623954 5318.62675814003 4206.51327919804 5163.56805116531
4706.82215953627 3316.14534234357 5213.32606354813 3063.31087011495 3759.99797145597 3091.25757415358 5834.75617956719 0 4225.91606905061 4542.33518830964 3578.52571265876 5864.44990324721 3483.87057857284 3989.27433426753 1328.81187159811
4996.43646434925 5984.31163647906 4887.23074253839 5288.84689779679 5654.45644467687 5006.31173484627 6834.59948090477 4225.91606905061 0 3683.58088074098 4652.55767020593 4423.80049213527 6483.33383854165 5975.5331951697 5554.34789927996
5043.30078186372 5396.6728198746 3303.49092792329 1605.26601705581 3467.74646723795 6320.27192568546 5647.90151498143 4542.33518830964 3683.58088074098 0 2348.54934396672 3940.42716899259 4329.2747568414 4245.45916459226 3213.52331671152
4175.45759090012 4988.5098221684 2996.82114515668 2373.85873302011 1239.77627144878 5734.44297516385 5826.84582015079 3578.52571265876 4652.55767020593 2348.54934396672 0 3726.3172770163 3562.68715799328 3289.88994767387 2640.56532795246
1279.66310746507 3925.62574320432 4050.2256843852 5433.36619519946 4658.97018419548 5038.40587464258 6438.98027623954 5864.44990324721 4423.80049213527 3940.42716899259 3726.3172770163 0 5424.66782964319 4052.99612190749 4717.47346268028
5356.28742078077 3786.67309977419 2556.90235645055 3579.44029154211 3876.6385371345 5863.63147309299 5318.62675814003 3483.87057857284 6483.33383854165 4329.2747568414 3562.68715799328 5424.66782964319 0 3685.37207672966 2155.05870697473
4540.52641310944 4691.12522230948 4129.07810656936 4525.92199660181 3696.77977339324 4240.86134622117 4206.51327919804 3989.27433426753 5975.5331951697 4245.45916459226 3289.88994767387 4052.99612190749 3685.37207672966 0 3218.87859960188
3892.96547369069 3631.61439279946 3884.51817145227 1734.49899851683 2913.69506902343 4419.70656812865 5163.56805116531 1328.81187159811 5554.34789927996 3213.52331671152 2640.56532795246 4717.47346268028 2155.05870697473 3218.87859960188 0
