15
0 4994.88287108709 3201.24648113198 3472.56946913303 5994.88668578436 2079.83840214937 3994.88287108709 4544.6233392574 3963.6176012081 5392.83763042633 4526.7723379831 3773.53435287916 3005.10949951838 4994.88287108709 2606.86893070677
4994.88287108709 0 6165.1554755042 6477.6789686514 8999.99618530273 5074.70921785508 4999.99237060547 3011.25218070611 6222.30268430032 5748.95612707657 7066.68461750543 5354.64503077111 4000 5999.99237060547 5611.97843022515
3201.24648113198 6165.1554755042 0 4207.23380970837 3591.22695802462 4806.55539632664 5174.0276148103 4892.58086104135 3737.14395518778 3815.45373727519 2570.99941818718 3809.83072098033 5919.65439082759 6075.29064286439 3822.38140640613
3472.56946913303 6477.6789686514 4207.23380970837 0 4522.31721665133 4487.17439600029 3477.6789686514 4302.7347237269 4692.2745869927 4386.46565054114 3856.86318074234 3462.05682995256 4477.6789686514 4473.81006097762 2865.70053842626
5994.88668578436 8999.99618530273 3591.22695802462 4522.31721665133 0 6990.52044272976 5999.99618530273 6899.14176516899 3764.44397292395 3251.04143787597 2846.69956860565 4317.27510798343 8999.99618530273 4999.99618530273 3388.01775507758
2079.83840214937 5074.70921785508 4806.55539632664 4487.17439600029 6990.52044272976 0 6074.72127323646 2990.83733072717 4844.23612016779 6710.75265533612 5744.31466079685 5570.82109948153 4009.47574257298 5074.72127323646 3602.50268765217
3994.88287108709 4999.99237060547 5174.0276148103 3477.6789686514 5999.99618530273 6074.72127323646 0 4035.55157711154 6062.96870190064 4245.96125008155 5882.87609604373 3375.05820084596 6999.99237060547 3000 3388.01394038032
4544.6233392574 3011.25218070611 4892.58086104135 4302.7347237269 6899.14176516899 2990.83733072717 4035.55157711154 0 4764.8780460183 4924.59134856301 5061.99425613131 4119.86098910606 6100.85830485755 5035.55157711154 3867.7802562013
3963.6176012081 6222.30268430032 3737.14395518778 4692.2745869927 3764.44397292395 4844.23612016779 6062.96870190064 4764.8780460183 0 4013.43101570256 3035.05658375601 3233.10505036583 6429.67678708006 4018.22317859976 4749.64574984034
5392.83763042633 5748.95612707657 3815.45373727519 4386.46565054114 3251.04143787597 6710.75265533612 4245.96125008155 4924.59134856301 4013.43101570256 0 2303.6706401046 3619.30327754717 7515.950545135 3782.93583244983 4639.05919295355
4526.7723379831 7066.68461750543 2570.99941818718 3856.86318074234 2846.69956860565 5744.31466079685 5882.87609604373 5061.99425613131 3035.05658375601 2303.6706401046 0 4282.62968586678 6153.29661669709 4882.87609604373 4180.90454124833
3773.53435287916 5354.64503077111 3809.83072098033 3462.05682995256 4317.27510798343 5570.82109948153 3375.05820084596 4119.86098910606 3233.10505036583 3619.30327754717 4282.62968586678 0 5907.48403021134 5301.31420387605 3705.29286306101
3005.10949951838 4000 5919.65439082759 4477.6789686514 8999.99618530273 4009.47574257298 6999.99237060547 6100.85830485755 6429.67678708006 7515.950545135 6153.29661669709 5907.48403021134 0 7999.99237060547 5611.97843022515
4994.88287108709 5999.99237060547 6075.29064286439 4473.81006097762 4999.99618530273 5074.72127323646 3000 5035.55157711154 4018.22317859976 3782.93583244983 4882.87609604373 5301.31420387605 7999.99237060547 0 4388.01394038032
2606.86893070677 5611.97843022515 3822.38140640613 2865.70053842626 3388.01775507758 3602.50268765217 3388.01394038032 3867.7802562013 4749.64574984034 4639.05919295355 4180.90454124833 3705.29286306101 5611.97843022515 4388.01394038032 0
