15
0 4082.69555896276 7999.98885949071 5191.38808417218 2792.86528312919 2000.00810301253 4356.07280554261 4736.99041930735 3000.00359980959 4052.43610975661 5409.09705399519 5053.06742801208 4041.46521714279 3046.81980799023 3008.85422059264
4082.69555896276 0 8502.81765844585 4750.36355697078 4005.95365368492 2416.75998617837 471.72561933126 3845.78745478877 4345.97284964535 4542.91623265578 4289.74105525288 4976.88806486222 3128.65334877366 5765.41624437788 5425.60700596358
7999.98885949071 8502.81765844585 0 7690.60439674339 6792.85186416833 7999.98777870769 8047.54084615094 8945.41788641905 6999.98525968113 4612.24749855131 4671.34823823444 5977.2485680663 8976.50085198922 6953.17607372999 4991.13463889807
5191.38808417218 4750.36355697078 7690.60439674339 0 6732.27940750154 5191.38700338916 4775.47285589031 6260.95186200003 7309.38086293774 6020.81726781061 4520.02523823001 6174.40255011749 4405.93646532908 7262.57167698661 7404.21325305632
2792.86528312919 4005.95365368492 6792.85186416833 6732.27940750154 0 2792.87232711245 4439.7881116149 3182.87696330606 1598.37060456035 4387.61375171685 3882.01538673534 3573.1245912678 2705.15566141792 3645.18803216329 1801.71722527025
2000.00810301253 2416.75998617837 7999.98777870769 5191.38700338916 2792.87232711245 0 2706.58281142853 5359.76926210754 3000.00666491815 4950.31181418232 4866.03870306022 5568.09918519164 2881.71119422911 5046.8117049777 3008.85313980962
4356.07280554261 471.72561933126 8047.54084615094 4775.47285589031 4439.7881116149 2706.58281142853 0 4281.90359531545 4654.27553649946 4265.33016826015 3978.47426145477 4993.04683698013 3285.01760410598 5898.58477937728 5715.43144539676
4736.99041930735 3845.78745478877 8945.41788641905 6260.95186200003 3182.87696330606 5359.76926210754 4281.90359531545 0 3909.30293044624 5597.33682912042 5206.09634224265 4406.34418846668 2883.69762158946 4525.62379155967 4984.59418857631
3000.00359980959 4345.97284964535 6999.98525968113 7309.38086293774 1598.37060456035 3000.00666491815 4654.27553649946 3909.30293044624 0 4836.99707511246 4937.41790715095 2786.58709381462 4192.61210351626 2046.81836989585 2008.85062078305
4052.43610975661 4542.91623265578 4612.24749855131 6020.81726781061 4387.61375171685 4950.31181418232 4265.33016826015 5597.33682912042 4836.99707511246 0 3987.21632614453 4568.42240842353 4978.26714815321 3886.37652370711 4345.5800957357
5409.09705399519 4289.74105525288 4671.34823823444 4520.02523823001 3882.01538673534 4866.03870306022 3978.47426145477 5206.09634224265 4937.41790715095 3987.21632614453 0 4565.43473860391 4719.16638441812 6455.75842444544 5349.9737577709
5053.06742801208 4976.88806486222 5977.2485680663 6174.40255011749 3573.1245912678 5568.09918519164 4993.04683698013 4406.34418846668 2786.58709381462 4568.42240842353 4565.43473860391 0 4693.84212153406 3230.2114250589 4777.72326167242
4041.46521714279 3128.65334877366 8976.50085198922 4405.93646532908 2705.15566141792 2881.71119422911 3285.01760410598 2883.69762158946 4192.61210351626 4978.26714815321 4719.16638441812 4693.84212153406 0 5399.1763931641 4506.87288668817
3046.81980799023 5765.41624437788 6953.17607372999 7262.57167698661 3645.18803216329 5046.8117049777 5898.58477937728 4525.62379155967 2046.81836989585 3886.37652370711 6455.75842444544 3230.2114250589 5399.1763931641 0 3962.04143483192
3008.85422059264 5425.60700596358 4991.13463889807 7404.21325305632 1801.71722527025 3008.85313980962 5715.43144539676 4984.59418857631 2008.85062078305 4345.5800957357 5349.9737577709 4777.72326167242 4506.87288668817 3962.04143483192 0
