15
0 4974.7444024087 8441.00371846677 5999.99618530273 5179.02200063395 4757.58453357619 7024.19374974664 5162.71356890731 5062.05938581548 5790.90128190284 6089.14759422566 5440.69581345742 4482.81300364037 4754.17916061495 6186.83898185271
4974.7444024087 0 4983.92380131322 7081.49041706326 765.848015629319 4624.4235384955 4892.52101164788 4563.75728690585 4661.64549754566 5587.61136761506 3584.78362553303 4232.89031064958 4622.03254493789 4295.94886643075 4034.07607145011
8441.00371846677 4983.92380131322 0 4441.02268946214 4484.97694386743 5683.43434118868 5168.13081665673 6044.5234353986 5378.95425437355 7223.52967721296 3382.80998928366 4729.21191478983 6066.52452285479 5029.1544904964 4391.18066715157
5999.99618530273 7081.49041706326 4441.02268946214 0 6946.51606821349 6220.39172342587 6054.83650681841 6312.31564548949 4006.50189163776 6169.34574534093 5868.39446632605 4118.61648909715 4061.37816314736 5249.1901152265 5234.7024866344
5179.02200063395 765.848015629319 4484.97694386743 6946.51606821349 0 4701.4482539349 4717.89519855895 4896.01090438009 5427.48818921127 6177.79639601429 4055.94167175336 4569.76266100785 5171.57138439549 3906.21383591669 3975.7604642131
4757.58453357619 4624.4235384955 5683.43434118868 6220.39172342587 4701.4482539349 0 3358.51398315404 3773.97195820411 4193.96651335005 3895.20232686492 3686.84680864943 2853.65848760038 4150.68036632173 3425.86008195519 3860.01708726678
7024.19374974664 4892.52101164788 5168.13081665673 6054.83650681841 4717.89519855895 3358.51398315404 0 4367.78040806152 6490.03063794977 3992.59121032375 5686.21010278535 4286.35231071791 6200.26068292339 4160.42617789982 1027.13578808233
5162.71356890731 4563.75728690585 6044.5234353986 6312.31564548949 4896.01090438009 3773.97195820411 4367.78040806152 0 4423.00838746193 3104.30386198839 4211.28502399832 4599.90659533284 4185.84421623562 3699.0570117422 3705.45705789418
5062.05938581548 4661.64549754566 5378.95425437355 4006.50189163776 5427.48818921127 4193.96651335005 6490.03063794977 4423.00838746193 0 5294.17502765598 4260.2847270209 3087.60694496455 762.053587053062 4843.99688930657 5614.94501176358
5790.90128190284 5587.61136761506 7223.52967721296 6169.34574534093 6177.79639601429 3895.20232686492 3992.59121032375 3104.30386198839 5294.17502765598 0 5239.12365665596 5284.85509895887 4949.44982799942 4608.01514662763 4657.99281446916
6089.14759422566 3584.78362553303 3382.80998928366 5868.39446632605 4055.94167175336 3686.84680864943 5686.21010278535 4211.28502399832 4260.2847270209 5239.12365665596 0 2952.75601349278 4382.49911170724 3988.82814421578 4901.88117058874
5440.69581345742 4232.89031064958 4729.21191478983 4118.61648909715 4569.76266100785 2853.65848760038 4286.35231071791 4599.90659533284 3087.60694496455 5284.85509895887 2952.75601349278 0 3129.76934258134 4132.44603038119 3550.04652066341
4482.81300364037 4622.03254493789 6066.52452285479 4061.37816314736 5171.57138439549 4150.68036632173 6200.26068292339 4185.84421623562 762.053587053062 4949.44982799942 4382.49911170724 3129.76934258134 0 4159.50037656608 5325.17680478875
4754.17916061495 4295.94886643075 5029.1544904964 5249.1901152265 3906.21383591669 3425.86008195519 4160.42617789982 3699.0570117422 4843.99688930657 4608.01514662763 3988.82814421578 4132.44603038119 4159.50037656608 0 3488.92218993905
6186.83898185271 4034.07607145011 4391.18066715157 5234.7024866344 3975.7604642131 3860.01708726678 1027.13578808233 3705.45705789418 5614.94501176358 4657.99281446916 4901.88117058874 3550.04652066341 5325.17680478875 3488.92218993905 0
