15
0 6510.87771384952 3939.68653176285 2992.150636687 1806.90264743214 4033.25222051309 2380.63130877129 4241.88076182781 4594.98982630041 2886.05978832465 6245.88472508529 5204.46567826658 5754.10001612565 1754.10960644896 6591.35807074351
6510.87771384952 0 3628.36951012785 6835.34684150537 6077.8309580557 5779.98880966414 6357.60068546604 3799.85209714569 4331.36452782345 5792.97270166942 5869.3350255312 3151.5013312769 7960.58569986733 5973.36682538475 7091.34459167021
3939.68653176285 3628.36951012785 0 5133.4582057732 4718.00476617773 4774.52120016861 4831.89132928909 983.476205980241 2803.89549496239 4342.51042204305 7498.99782175789 3857.64812972862 6844.51799211404 4037.42395896973 8691.89419829027
2992.150636687 6835.34684150537 5133.4582057732 0 3945.57514266807 3416.03181529343 4673.52658599423 4800.84713058779 3477.24973458643 4439.54274972301 7952.98944786235 5729.77894455692 8046.99529334859 2047.00488367191 5952.98944786235
1806.90264743214 6077.8309580557 4718.00476617773 3945.57514266807 0 3914.14922555961 2970.66872819725 5424.84950885134 4981.6815824439 3071.71950332865 5973.6531942403 4857.50021248998 4784.26736375972 3215.53498636531 5729.93630816466
4033.25222051309 5779.98880966414 4774.52120016861 3416.03181529343 3914.14922555961 0 5056.27695170842 5424.82203559283 4840.06252526002 3306.55180278726 6102.32954414527 4142.72279366946 6734.7844535381 3708.04258225614 4421.84703787156
2380.63130877129 6357.60068546604 4831.89132928909 4673.52658599423 2970.66872819725 5056.27695170842 0 4577.22627404545 4948.27999407502 4567.09805861401 8626.51603385658 4612.11321113142 5373.46870735436 2626.52562417989 7373.46870735436
4241.88076182781 3799.85209714569 983.476205980241 4800.84713058779 5424.84950885134 5424.82203559283 4577.22627404545 0 2497.34803827452 5052.20394483683 8482.47402773814 4486.2944705797 7089.95437256444 4009.07765623366 9401.58772108405
4594.98982630041 4331.36452782345 2803.89549496239 3477.24973458643 4981.6815824439 4840.06252526002 4948.27999407502 2497.34803827452 0 5099.77700469985 9372.73357570983 4151.07672457567 6030.74691588952 3524.25069640077 9017.12035468028
2886.05978832465 5792.97270166942 4342.51042204305 4439.54274972301 3071.71950332865 3306.55180278726 4567.09805861401 5052.20394483683 5099.77700469985 0 5404.07980504496 4628.52197337659 5976.72718368084 3163.13313412008 4349.38377624722
6245.88472508529 5869.3350255312 7498.99782175789 7952.98944786235 5973.6531942403 6102.32954414527 8626.51603385658 8482.47402773814 9372.73357570983 5404.07980504496 0 8052.50249815066 6000 7999.99040967668 4000
5204.46567826658 3151.5013312769 3857.64812972862 5729.77894455692 4857.50021248998 4142.72279366946 4612.11321113142 4486.2944705797 4151.07672457567 4628.52197337659 8052.50249815066 0 6831.40898135835 4291.32959251717 5319.63984421037
5754.10001612565 7960.58569986733 6844.51799211404 8046.99529334859 4784.26736375972 6734.7844535381 5373.46870735436 7089.95437256444 6030.74691588952 5976.72718368084 6000 6831.40898135835 0 5999.99040967668 6000
1754.10960644896 5973.36682538475 4037.42395896973 2047.00488367191 3215.53498636531 3708.04258225614 2626.52562417989 4009.07765623366 3524.25069640077 3163.13313412008 7999.99040967668 4291.32959251717 5999.99040967668 0 5999.99040967668
6591.35807074351 7091.34459167021 8691.89419829027 5952.98944786235 5729.93630816466 4421.84703787156 7373.46870735436 9401.58772108405 9017.12035468028 4349.38377624722 4000 5319.63984421037 6000 5999.99040967668 0
