15
0 3823.04583863634 5878.80771751595 1643.34934185036 3565.50130482223 2126.28821082304 3325.57069541563 3788.30403747312 4134.90115531368 4495.72642443167 4160.61543800407 2275.298183775 2367.42020402226 3429.30096315061 4359.84550313607
3823.04583863634 0 5049.83123041447 4174.7499537771 4830.82480007335 4822.22974047753 4150.7267613283 3693.15875757447 4011.6240401551 5635.08223764626 1252.31095747175 4565.32063269115 4157.4331752167 4221.19221953059 4554.29742010366
5878.80771751595 5049.83123041447 0 5474.94009460221 5096.13396716629 4998.38351896847 4996.85366058186 5242.51207364202 4648.32837681605 6015.15163854538 4915.24938481685 5616.779728101 5309.13127738777 4847.88329457241 5729.25682535415
1643.34934185036 4174.7499537771 5474.94009460221 0 3649.45940392717 2767.21200774177 2761.83221779821 3089.82211723742 4560.93016155685 5769.04850933396 4151.87506606815 1017.59338619514 724.073990941908 4379.60151080035 4399.27725546323
3565.50130482223 4830.82480007335 5096.13396716629 3649.45940392717 0 3136.41918366486 4251.45137518398 4200.35883346451 3718.04020999324 2319.04257362116 4888.43212517537 3838.16955246755 4204.30973570332 3449.64515595327 1112.47898374257
2126.28821082304 4822.22974047753 4998.38351896847 2767.21200774177 3136.41918366486 0 3583.69471034867 4058.57893158216 4796.8418938896 3583.89180990229 4244.46806069822 2809.76348556407 2848.41876612615 3510.35483348217 3863.49236039051
3325.57069541563 4150.7267613283 4996.85366058186 2761.83221779821 4251.45137518398 3583.69471034867 0 823.947631874718 4661.33364852347 4275.56216095942 4608.50950661359 2809.09568106154 2915.92275130014 5005.2293517024 5103.94796634483
3788.30403747312 3693.15875757447 5242.51207364202 3089.82211723742 4200.35883346451 4058.57893158216 823.947631874718 0 5110.00649757142 4392.97726214622 4150.93999365608 2669.64561130542 3182.11330476145 5489.01109809601 4662.51275799703
4134.90115531368 4011.6240401551 4648.32837681605 4560.93016155685 3718.04020999324 4796.8418938896 4661.33364852347 5110.00649757142 0 4605.79072059573 3939.57355986462 4729.68917077488 4590.56737542842 4733.78159761622 4485.77607458615
4495.72642443167 5635.08223764626 6015.15163854538 5769.04850933396 2319.04257362116 3583.89180990229 4275.56216095942 4392.97726214622 4605.79072059573 0 5736.6518137921 5197.34266082388 6140.77913141157 2832.7408399481 3024.82755599139
4160.61543800407 1252.31095747175 4915.24938481685 4151.87506606815 4888.43212517537 4244.46806069822 4608.50950661359 4150.93999365608 3939.57355986462 5736.6518137921 0 4202.92334971015 3782.21491864345 4863.94399459339 4563.22344676128
2275.298183775 4565.32063269115 5616.779728101 1017.59338619514 3838.16955246755 2809.76348556407 2809.09568106154 2669.64561130542 4729.68917077488 5197.34266082388 4202.92334971015 0 1072.48809261759 5090.53210679436 4005.7936703646
2367.42020402226 4157.4331752167 5309.13127738777 724.073990941908 4204.30973570332 2848.41876612615 2915.92275130014 3182.11330476145 4590.56737542842 6140.77913141157 3782.21491864345 1072.48809261759 0 4889.11048683671 4624.32307010691
3429.30096315061 4221.19221953059 4847.88329457241 4379.60151080035 3449.64515595327 3510.35483348217 5005.2293517024 5489.01109809601 4733.78159761622 2832.7408399481 4863.94399459339 5090.53210679436 4889.11048683671 0 3857.55791268973
4359.84550313607 4554.29742010366 5729.25682535415 4399.27725546323 1112.47898374257 3863.49236039051 5103.94796634483 4662.51275799703 4485.77607458615 3024.82755599139 4563.22344676128 4005.7936703646 4624.32307010691 3857.55791268973 0
