15
0 2520.62194269283 3358.72740913064 4853.46595959712 2319.01962852924 4753.1051221483 4681.02039353045 5059.07542022501 4548.31750798823 3246.8980413794 3375.39254543664 3245.74639271626 7246.89857485762 3208.56671771286 1418.70273798736
2520.62194269283 0 3443.57108358347 2332.84401690429 2726.27293515887 5273.72706484113 4273.76708690082 3593.62510073814 3899.32795866946 2726.27609868658 2447.20724226698 3227.66683424222 6726.27663216479 3920.75931744489 1939.32468068019
3358.72740913064 3443.57108358347 0 2662.86945628612 3115.23871898223 5140.47421270804 4946.96205751891 4082.22819724156 4453.39234070489 4556.84093018888 4313.51036191932 4566.6094398121 7691.43188116744 4425.46230400744 4777.43014711801
4853.46595959712 2332.84401690429 2662.86945628612 0 4393.42891825458 7606.57108174542 6606.61110380511 3014.89307407019 4140.18050525582 4393.43208178229 4745.7797981961 4646.62265948161 6393.4326152605 3868.94868542028 4272.16869758448
2319.01962852924 2726.27293515887 3115.23871898223 4393.42891825458 0 4000 5000.04002205969 5886.0315500813 2628.42952195959 4000.00316352771 4028.82315662381 5564.76602124551 8000.00369700592 5527.58634624211 3334.40238416094
4753.1051221483 5273.72706484113 5140.47421270804 7606.57108174542 4000 0 5000.04002205969 7099.63088177047 5007.73788401931 6000.00316352771 4106.59326142449 6959.9652291893 6000.00369700592 6276.26832182589 5334.40238416095
4681.02039353045 4273.76708690082 4946.96205751891 6606.61110380511 5000.04002205969 5000.04002205969 0 4329.60726785457 7273.11171549932 5000.03685853198 3912.48875300753 3959.9884443235 7000.03632505377 5380.88432112652 5665.63763789875
5059.07542022501 3593.62510073814 4082.22819724156 3014.89307407019 5886.0315500813 7099.63088177047 4329.60726785457 0 4648.34544644491 5096.8039273623 3807.80751070325 2019.04507495751 4866.85409266862 2545.37879541013 4636.2673915347
4548.31750798823 3899.32795866946 4453.39234070489 4140.18050525582 2628.42952195959 5007.73788401931 7273.11171549932 4648.34544644491 0 4773.92077316353 4057.31813526541 5755.22658413096 5599.68257419557 4451.45371093801 4108.32576517093
3246.8980413794 2726.27609868658 4556.84093018888 4393.43208178229 4000.00316352771 6000.00316352771 5000.03685853198 5096.8039273623 4773.92077316353 0 2622.29058681604 3349.13581381717 4000.00290209891 3751.4815178436 2665.60077936676
3375.39254543664 2447.20724226698 4313.51036191932 4745.7797981961 4028.82315662381 4106.59326142449 3912.48875300753 3807.80751070325 4057.31813526541 2622.29058681604 0 3710.39495415519 5537.60276312248 3912.87398031376 2576.80579558498
3245.74639271626 3227.66683424222 4566.6094398121 4646.62265948161 5564.76602124551 6959.9652291893 3959.9884443235 2019.04507495751 5755.22658413096 3349.13581381717 3710.39495415519 0 5349.13752430976 2838.22449439636 2619.53738524014
7246.89857485762 6726.27663216479 7691.43188116744 6393.4326152605 8000.00369700592 6000.00369700592 7000.03632505377 4866.85409266862 5599.68257419557 4000.00290209891 5537.60276312248 5349.13752430976 0 4702.55022818808 6665.60131284498
3208.56671771286 3920.75931744489 4425.46230400744 3868.94868542028 5527.58634624211 6276.26832182589 5380.88432112652 2545.37879541013 4451.45371093801 3751.4815178436 3912.87398031376 2838.22449439636 4702.55022818808 0 3334.22963451608
1418.70273798736 1939.32468068019 4777.43014711801 4272.16869758448 3334.40238416094 5334.40238416095 5665.63763789875 4636.2673915347 4108.32576517093 2665.60077936676 2576.80579558498 2619.53738524014 6665.60131284498 3334.22963451608 0
