15
0 3040.03435543282 5846.1860437097 6294.53884823165 2585.53934922336 4996.54617470703 4214.50188365884 3804.36815598604 4488.67787728954 5985.01705236643 4403.54643183982 4771.38089680857 3088.1840113883 3611.29847426973 3194.00563471106
3040.03435543282 0 4273.01298540893 4430.78500225084 2703.41057495087 2421.05073632206 2309.56461087354 1899.80638271552 4125.72242010496 3744.13314850601 4125.42453229656 4170.23212355085 1345.52647928436 1680.57502109808 367.909863005747
5846.1860437097 4273.01298540893 0 4948.76661755549 5575.76859781103 3851.94376918226 2999.12476675074 4373.21578690915 5584.95026744516 4699.01786275116 3807.23605073935 4710.72128363572 3760.33352582627 4592.44714852659 4119.05081955137
6294.53884823165 4430.78500225084 4948.76661755549 0 5324.97439188458 5533.70746740912 2902.05778542371 3905.92534182262 4996.9446858326 4856.7873508813 5476.67765024591 3474.90297454985 4458.17479797016 4750.21348017533 4276.81356157458
2585.53934922336 2703.41057495087 5575.76859781103 5324.97439188458 0 4217.57902665992 4313.55489797229 2121.74437482296 3556.82512293572 6447.53930599838 5184.60678584589 5740.26659947646 3508.86211374008 4340.9757364404 2857.38533254157
4996.54617470703 2421.05073632206 3851.94376918226 5533.70746740912 4217.57902665992 0 3147.16418395821 2521.25520411662 5989.19523984588 4676.90889750777 4425.12244392651 5105.13741639601 1908.37294303374 2783.49642534261 2267.09023675884
4214.50188365884 2309.56461087354 2999.12476675074 2902.05778542371 4313.55489797229 3147.16418395821 0 2625.90897984159 4945.3463003562 4735.56948821577 4116.34981113393 3097.52799189765 1556.11701254646 2156.48738552003 2155.59326080024
3804.36815598604 1899.80638271552 4373.21578690915 3905.92534182262 2121.74437482296 2521.25520411662 2625.90897984159 0 3467.94339722168 4325.81126005775 4946.38566906699 4583.88505086965 1445.72009656884 2262.24122122599 1745.83503264222
4488.67787728954 4125.72242010496 5584.95026744516 4996.9446858326 3556.82512293572 5989.19523984588 4945.3463003562 3467.94339722168 0 5794.09376846552 4101.45367987246 4787.8792806481 4501.46331290265 5013.42529251732 3942.03248514261
5985.01705236643 3744.13314850601 4699.01786275116 4856.7873508813 6447.53930599838 4676.90889750777 4735.56948821577 4325.81126005775 5794.09376846552 0 5480.79929431195 4465.3636795686 3771.53135662659 4106.57989844031 3590.16693753071
4403.54643183982 4125.42453229656 3807.23605073935 5476.67765024591 5184.60678584589 4425.12244392651 4116.34981113393 4946.38566906699 4101.45367987246 5480.79929431195 0 2638.02719377014 3500.66557249815 3165.61703068443 3936.79444535836
4771.38089680857 4170.23212355085 4710.72128363572 3474.90297454985 5740.26659947646 5105.13741639601 3097.52799189765 4583.88505086965 4787.8792806481 4465.3636795686 2638.02719377014 0 3196.76731195253 2752.33040682517 4016.26361206781
3088.1840113883 1345.52647928436 3760.33352582627 4458.17479797016 3508.86211374008 1908.37294303374 1556.11701254646 1445.72009656884 4501.46331290265 3771.53135662659 3500.66557249815 3196.76731195253 0 875.123482308874 1191.55512921106
3611.29847426973 1680.57502109808 4592.44714852659 4750.21348017533 4340.9757364404 2783.49642534261 2156.48738552003 2262.24122122599 5013.42529251732 4106.57989844031 3165.61703068443 2752.33040682517 875.123482308874 0 1526.60367102478
3194.00563471106 367.909863005747 4119.05081955137 4276.81356157458 2857.38533254157 2267.09023675884 2155.59326080024 1745.83503264222 3942.03248514261 3590.16693753071 3936.79444535836 4016.26361206781 1191.55512921106 1526.60367102478 0
