15
0 6631.94888258477 4518.50015612739 6437.14759305598 5686.88351200815 4041.01143794437 3734.16487016184 5962.90515728842 6428.4176928059 6425.48563999389 4328.81010392503 5458.54444051053 5039.96502185544 5945.17140113046 6217.65806297723
6631.94888258477 0 3273.01683551285 302.824977787327 4370.51565843964 4165.60878776608 4115.72641118513 801.440237154654 4378.38028847954 4322.62382027297 2506.60896115202 4522.27455186052 6583.92530601049 3089.29535066824 626.740971011844
4518.50015612739 3273.01683551285 0 3023.37254937917 3810.28201687522 2482.06282496611 1361.88117267906 3442.58609900322 2627.82374402895 4377.75002214151 3492.7346057707 4301.84242493505 4050.31708003281 2739.7847833564 2662.38183573923
6437.14759305598 302.824977787327 3023.37254937917 0 4593.16748898919 4130.58432661272 4082.02084992759 647.152937084795 4582.04883485217 4378.28328935961 2496.00038168362 4766.02320030361 6442.99397532535 2939.66359038374 364.662119810239
5686.88351200815 4370.51565843964 3810.28201687522 4593.16748898919 0 4716.04037652738 2918.8170661831 4451.69568630273 2930.38968733187 4112.96311573156 4921.45433396158 4087.95664938584 3791.78716336705 3624.60065048822 4808.98576593102
4041.01143794437 4165.60878776608 2482.06282496611 4130.58432661272 4716.04037652738 0 2594.65901096589 4700.76519651394 2790.26585448484 5571.14458497937 4128.81918919552 5017.42355583476 5447.19453892105 4890.22885815991 4118.99036618092
3734.16487016184 4115.72641118513 1361.88117267906 4082.02084992759 2918.8170661831 2594.65901096589 0 3767.44860361617 2846.14287995616 4429.54567122798 4146.32492934306 3389.39763568133 3598.24628424366 2788.54705447373 3880.83701190974
5962.90515728842 801.440237154654 3442.58609900322 647.152937084795 4451.69568630273 4700.76519651394 3767.44860361617 0 5037.30274526126 3766.43928019626 2438.45099912867 4569.77753031033 6112.13197573573 2496.91794429238 780.50473450735
6428.4176928059 4378.38028847954 2627.82374402895 4582.04883485217 2930.38968733187 2790.26585448484 2846.14287995616 5037.30274526126 0 4992.58874086933 4960.69965723964 4286.81794948982 4636.39760285638 4391.78029839133 4514.44280738558
6425.48563999389 4322.62382027297 4377.75002214151 4378.28328935961 4112.96311573156 5571.14458497937 4429.54567122798 3766.43928019626 4992.58874086933 0 4125.04819004207 2954.26790254711 6131.72741318274 3067.56971415154 4546.93993817191
4328.81010392503 2506.60896115202 3492.7346057707 2496.00038168362 4921.45433396158 4128.81918919552 4146.32492934306 2438.45099912867 4960.69965723964 4125.04819004207 0 4633.00433492946 6632.61452015776 3357.77787486933 2447.16319891547
5458.54444051053 4522.27455186052 4301.84242493505 4766.02320030361 4087.95664938584 5017.42355583476 3389.39763568133 4569.77753031033 4286.81794948982 2954.26790254711 4633.00433492946 0 5568.42574861595 4006.19087707753 5098.15810028561
5039.96502185544 6583.92530601049 4050.31708003281 6442.99397532535 3791.78716336705 5447.19453892105 3598.24628424366 6112.13197573573 4636.39760285638 6131.72741318274 6632.61452015776 5568.42574861595 0 5190.28551144101 6298.3331177432
5945.17140113046 3089.29535066824 2739.7847833564 2939.66359038374 3624.60065048822 4890.22885815991 2788.54705447373 2496.91794429238 4391.78029839133 3067.56971415154 3357.77787486933 4006.19087707753 5190.28551144101 0 2897.200879998
6217.65806297723 626.740971011844 2662.38183573923 364.662119810239 4808.98576593102 4118.99036618092 3880.83701190974 780.50473450735 4514.44280738558 4546.93993817191 2447.16319891547 5098.15810028561 6298.3331177432 2897.200879998 0
